****Global Input****
(20:83048)
(30:27952)
(323:122926)
(529:125679)
(535:143052)
(989:69162)

****Global Output****
(1207:101090)
(1461:41516)

****Biased tasks****
task(id(176);cost(93);duration(30);in([[323:122926]]);out([[71:20200]]);mutual_exclusions([]))
task(id(239);cost(45);duration(33);in([[71:316]]);out([[394:20612]#[531:116668]#[1301:42815]]);mutual_exclusions([]))
task(id(67);cost(57);duration(11);in([[531:14584]]);out([[33:23870]#[243:108092]#[436:26907]]);mutual_exclusions([]))
task(id(241);cost(45);duration(47);in([[33:93]#[71:3]]);out([[827:29924]#[856:99822]#[1483:57564]]);mutual_exclusions([]))
task(id(234);cost(20);duration(40);in([[71:1263]#[856:1]]);out([[234:107137]#[1456:133821]]);mutual_exclusions([]))
task(id(153);cost(37);duration(38);in([[71:631]#[394:5]#[1456:2091]]);out([[1121:84886]#[1457:66248]]);mutual_exclusions([]))
task(id(197);cost(80);duration(10);in([[1457:16562]]);out([[207:45736]#[396:82197]]);mutual_exclusions([]))
task(id(25);cost(35);duration(23);in([[71:631]#[396:1284]#[1121:5305]#[1456:8364]]);out([[601:33026]]);mutual_exclusions([]))
task(id(132);cost(98);duration(56);in([[243:422]#[601:1032]#[827:1871]#[1456:8364]]);out([[1218:138457]#[1399:40196]]);mutual_exclusions([]))
task(id(235);cost(31);duration(54);in([[396:5]#[601:16]#[1218:135]#[1301:10704]]);out([[468:103715]#[1273:59793]#[1287:80627]]);mutual_exclusions([]))
task(id(21);cost(51);duration(20);in([[71:158]#[243:53]#[394:10]#[468:1]#[601:1032]#[1456:65]]);out([[72:79509]#[408:30370]#[543:75851]]);mutual_exclusions([]))
task(id(123);cost(43);duration(45);in([[72:2]#[243:13511]#[394:161]]);out([[491:22097]#[879:98169]#[1181:148128]]);mutual_exclusions([]))
task(id(134);cost(35);duration(49);in([[71:10]#[72:4970]#[243:1]#[396:3]#[491:86]#[531:14584]#[601:4]#[1121:5]#[1218:270]#[1273:1]]);out([[751:58049]#[857:138284]#[957:54122]]);mutual_exclusions([]))
task(id(102);cost(100);duration(17);in([[72:9]#[468:13]#[601:516]#[856:3120]#[857:17285]#[1121:5306]#[1456:66]]);out([[937:49743]#[1321:102230]]);mutual_exclusions([]))
task(id(236);cost(89);duration(43);in([[71:1262]#[72:10]#[856:12477]#[1321:1598]#[1457:16562]]);out([[450:45406]]);mutual_exclusions([]))
task(id(18);cost(63);duration(41);in([[33:1]#[71:158]#[394:5]#[408:1]#[450:1]#[827:59]#[1121:663]#[1181:290]#[1273:14]#[1321:3195]]);out([[727:106252]#[1047:16772]]);mutual_exclusions([]))
task(id(31);cost(55);duration(38);in([[71:316]#[396:20]#[408:29]#[491:43]#[531:29]#[727:6641]#[856:390]#[957:3382]#[1121:20]#[1218:2163]#[1273:3737]#[1321:12]#[1456:261]]);out([[246:76705]#[616:53080]#[1255:144045]]);mutual_exclusions([]))
task(id(187);cost(40);duration(54);in([[71:1263]#[394:10]#[450:177]#[616:6635]#[727:52]#[1218:67]#[1273:117]#[1456:16728]]);out([[296:22304]]);mutual_exclusions([]))
task(id(108);cost(72);duration(40);in([[296:1]#[450:1]#[601:8]#[856:780]#[957:13]#[1121:1]#[1456:17]]);out([[171:129498]#[404:88702]#[1443:112125]]);mutual_exclusions([]))
task(id(167);cost(80);duration(56);in([[171:4047]#[394:2576]#[450:710]#[601:16]#[616:3318]#[827:467]#[1218:17307]#[1321:7]#[1456:8363]]);out([[123:63209]#[232:66329]#[442:113193]]);mutual_exclusions([]))
task(id(32);cost(23);duration(42);in([[71:20]#[171:16188]#[408:118]#[442:885]#[727:415]#[1121:5]#[1218:4327]#[1273:1868]#[1301:10704]]);out([[235:33116]#[563:26229]#[1205:129066]]);mutual_exclusions([]))
task(id(198);cost(31);duration(50);in([[123:1975]#[408:15]#[450:709]#[1181:37032]#[1205:63]#[1218:8]#[1273:7474]]);out([[923:95646]#[934:48439]#[971:41188]]);mutual_exclusions([]))
task(id(120);cost(31);duration(52);in([[33:373]#[72:156]#[296:174]#[404:1386]#[442:1768]#[450:1419]#[857:270]#[971:1]#[1181:1]#[1287:20157]#[1301:10703]#[1321:1]]);out([[430:147162]#[547:79705]#[1050:142748]]);mutual_exclusions([]))
task(id(237);cost(22);duration(59);in([[33:1]#[171:16]#[296:2]#[408:3]#[442:14]#[450:354]#[468:12]#[491:5524]#[547:155]#[563:3279]#[601:8]#[616:829]#[727:208]#[827:1870]#[957:3]#[1456:261]]);out([[103:64368]#[1282:103989]]);mutual_exclusions([]))
task(id(122);cost(92);duration(28);in([[71:1263]#[207:11434]#[296:5]#[450:355]#[491:2]#[601:258]#[1282:812]]);out([[114:139504]#[662:15765]#[1491:137102]]);mutual_exclusions([]))
task(id(173);cost(30);duration(60);in([[71:2]#[396:1]#[442:27]#[450:3]#[531:57]#[601:64]#[662:985]#[1121:166]#[1181:145]#[1205:32]#[1218:8653]#[1273:14948]#[1282:407]]);out([[775:125747]]);mutual_exclusions([]))
task(id(243);cost(89);duration(31);in([[72:621]#[296:87]#[396:81]#[430:288]#[442:884]#[450:6]#[662:15]#[775:491]#[856:6239]#[1121:663]#[1321:25]]);out([[32:124555]]);mutual_exclusions([]))
task(id(60);cost(80);duration(42);in([[32:973]#[33:5968]#[71:10]#[296:1394]#[408:474]#[430:36]#[531:14583]#[563:6]#[1121:5]#[1255:1125]#[1321:399]#[1456:523]]);out([[99:118038]#[739:101143]#[1000:74455]]);mutual_exclusions([]))
task(id(231);cost(49);duration(18);in([[71:39]#[408:7]#[450:11]#[468:6]#[616:26]#[727:52]#[857:68]#[1000:1163]#[1050:71374]#[1121:5]#[1181:36]#[1282:12]]);out([[794:88953]#[1388:75470]]);mutual_exclusions([]))
task(id(191);cost(30);duration(50);in([[33:746]#[71:2]#[99:29]#[296:697]#[430:1]#[442:221]#[531:911]#[662:16]#[727:415]#[794:11119]#[957:845]#[1181:18]#[1255:36011]#[1287:40313]]);out([[1097:31098]#[1126:93756]#[1347:102818]]);mutual_exclusions([]))
task(id(55);cost(75);duration(60);in([[114:8719]#[394:20]#[404:22176]#[601:2064]#[794:86]#[827:1]#[957:105]#[1097:122]#[1181:4]#[1282:50]#[1321:6]]);out([[307:16670]#[1351:63749]]);mutual_exclusions([]))
task(id(23);cost(32);duration(16);in([[99:3689]#[296:697]#[404:2772]#[468:203]#[531:1]#[601:129]#[662:246]#[794:1]#[827:1]#[971:161]#[1121:3]#[1181:2314]#[1205:2016]#[1218:17]#[1255:281]#[1321:25]#[1351:7969]#[1456:1]]);out([[1035:82919]]);mutual_exclusions([]))
task(id(62);cost(77);duration(23);in([[72:9939]#[243:1689]#[394:644]#[396:10274]#[404:87]#[468:12964]#[491:2762]#[563:410]#[601:1032]#[751:29024]#[775:7859]#[827:58]#[1035:648]#[1255:2250]#[1282:101]#[1321:12779]#[1347:401]#[1351:3984]#[1491:68551]]);out([[116:27553]#[789:38685]]);mutual_exclusions([]))
task(id(196);cost(24);duration(56);in([[32:8]#[171:8093]#[296:6]#[468:2]#[601:1]#[775:7860]#[789:76]#[1097:1944]#[1218:1082]#[1321:13]#[1351:7969]#[1456:522]]);out([[559:61000]]);mutual_exclusions([]))
task(id(35);cost(46);duration(47);in([[32:1]#[71:5]#[72:1]#[114:8719]#[243:26]#[296:1394]#[396:10275]#[404:1]#[531:1]#[559:3812]#[789:4835]#[794:11119]#[857:1]#[1255:140]]);out([[1450:105764]]);mutual_exclusions([]))
task(id(51);cost(74);duration(56);in([[72:20]#[123:2]#[296:1]#[396:40]#[450:2838]#[547:5]#[559:1906]#[662:123]#[727:6640]#[789:605]#[794:1390]#[934:24219]#[1035:2592]#[1218:17307]#[1282:25]#[1450:414]]);out([[757:68520]]);mutual_exclusions([]))
task(id(144);cost(25);duration(36);in([[71:1]#[99:461]#[296:11]#[408:2]#[442:7074]#[468:3]#[531:14]#[547:9963]#[559:476]#[662:1971]#[727:3]#[757:535]#[789:4]#[794:2779]#[857:2]#[923:23]#[1035:40]#[1218:541]#[1351:62]#[1456:1046]]);out([[262:50140]#[913:76031]]);mutual_exclusions([]))
task(id(146);cost(31);duration(20);in([[32:7785]#[71:5]#[99:461]#[114:545]#[296:174]#[408:30]#[442:14149]#[450:11]#[491:11]#[547:78]#[559:120]#[563:1639]#[727:830]#[913:10]#[971:10]#[1126:46878]#[1321:13]#[1450:206]#[1456:2091]]);out([[351:29093]#[1021:137768]#[1498:82870]]);mutual_exclusions([]))
task(id(66);cost(62);duration(28);in([[103:16092]#[114:2180]#[171:506]#[351:113]#[396:40]#[430:1150]#[468:25929]#[531:228]#[559:119]#[727:1]#[757:1]#[775:15718]#[794:1]#[1121:6]#[1255:71]#[1450:826]#[1456:1]]);out([[515:43251]#[1249:37896]]);mutual_exclusions([]))
task(id(110);cost(34);duration(49);in([[71:3]#[450:5]#[515:1]#[531:4]#[616:26]#[662:3941]#[775:2]#[827:1871]#[913:74]#[923:5978]#[1000:581]#[1282:1]]);out([[721:97822]#[1164:143429]#[1494:127689]]);mutual_exclusions([]))
task(id(15);cost(55);duration(29);in([[32:486]#[71:1262]#[114:4]#[296:174]#[396:10]#[430:2300]#[450:2]#[531:57]#[559:1]#[616:13270]#[727:208]#[757:4282]#[857:135]#[1035:324]#[1164:17929]#[1347:1607]]);out([[38:21451]#[95:34018]#[1316:47445]]);mutual_exclusions([]))
task(id(103);cost(21);duration(46);in([[38:335]#[71:40]#[601:16]#[727:6]#[789:2]#[856:25]#[1021:2153]#[1035:162]#[1321:3]#[1450:6]#[1456:2091]]);out([[259:82796]#[1232:82050]]);mutual_exclusions([]))
task(id(222);cost(74);duration(41);in([[32:1946]#[171:16187]#[259:5]#[394:2576]#[396:40]#[450:3]#[515:338]#[547:156]#[601:1032]#[727:13]#[757:133]#[794:173]#[913:2376]#[957:6765]#[1000:18]#[1021:8611]#[1035:162]#[1218:2163]#[1450:104]#[1456:2]#[1483:14391]#[1494:63845]]);out([[1044:137024]#[1409:22515]]);mutual_exclusions([]))
task(id(162);cost(30);duration(18);in([[71:315]#[99:7]#[243:106]#[296:6]#[404:43]#[450:1419]#[515:676]#[601:2064]#[757:535]#[775:7859]#[856:3]#[857:2161]#[937:12436]#[1035:5]#[1044:134]#[1218:2]#[1273:467]#[1388:18868]#[1450:1]]);out([[355:28864]#[1051:67379]#[1204:36010]]);mutual_exclusions([]))
task(id(193);cost(72);duration(25);in([[33:24]#[38:168]#[71:20]#[114:136]#[235:16558]#[355:7216]#[442:1]#[450:88]#[515:169]#[616:1]#[727:1]#[757:17]#[789:1209]#[794:174]#[1044:67]#[1121:664]#[1164:8964]#[1181:2315]#[1321:3]#[1351:996]#[1450:207]#[1456:16728]]);out([[62:92396]#[653:59271]#[1220:109570]]);mutual_exclusions([]))
task(id(150);cost(63);duration(35);in([[72:9938]#[114:34876]#[207:11434]#[259:1]#[296:349]#[404:22]#[442:28299]#[450:1419]#[515:1]#[547:1246]#[559:7625]#[775:30]#[794:1390]#[1035:10]#[1218:135]#[1220:1]#[1347:402]#[1450:25]]);out([[121:114302]#[1078:25513]#[1088:42114]]);mutual_exclusions([]))
task(id(238);cost(21);duration(17);in([[72:39]#[121:7]#[396:321]#[442:110]#[450:709]#[547:19]#[563:819]#[601:129]#[662:15]#[727:7]#[751:29025]#[757:268]#[789:1]#[827:29]#[1000:5]#[1021:1]#[1044:4282]#[1181:18]#[1218:4327]#[1282:203]#[1321:100]#[1351:498]]);out([[52:35532]#[385:46776]#[1261:52068]]);mutual_exclusions([]))
task(id(208);cost(27);duration(16);in([[114:272]#[243:844]#[396:1285]#[450:6]#[468:101]#[491:1381]#[563:205]#[616:6]#[721:764]#[727:207]#[789:151]#[794:695]#[856:3119]#[1021:8610]#[1035:324]#[1097:3888]#[1121:21]#[1218:2]#[1261:814]#[1316:185]#[1351:32]#[1450:103]#[1456:4182]]);out([[1404:74750]]);mutual_exclusions([]))
task(id(33);cost(31);duration(28);in([[71:79]#[243:13]#[396:2568]#[442:14]#[450:709]#[468:405]#[531:456]#[653:116]#[775:1965]#[789:9]#[794:5560]#[937:12436]#[957:1]#[971:1287]#[1035:3]#[1044:17128]#[1051:16]#[1097:8]#[1232:20513]#[1282:102]#[1351:498]#[1404:1168]#[1450:26]#[1456:1]]);out([[87:73738]#[374:107692]#[686:149720]]);mutual_exclusions([]))
task(id(149);cost(24);duration(58);in([[72:1]#[87:18435]#[171:32375]#[259:646]#[307:4168]#[450:177]#[468:1620]#[491:5]#[616:414]#[662:4]#[789:302]#[794:22]#[1035:5183]#[1044:1071]#[1078:2]#[1121:331]#[1220:856]#[1404:584]#[1456:4182]]);out([[804:128006]]);mutual_exclusions([]))
task(id(230);cost(73);duration(59);in([[33:46]#[71:40]#[72:311]#[87:1]#[121:446]#[396:5]#[442:442]#[450:2838]#[531:2]#[547:1245]#[559:59]#[563:6557]#[727:415]#[757:1071]#[775:246]#[804:8]#[856:12478]#[971:1]#[1044:1]#[1051:1053]#[1097:3887]#[1121:2653]#[1218:4327]#[1249:9474]#[1255:4501]#[1282:3]#[1316:2965]#[1321:798]#[1450:3]]);out([[449:101214]]);mutual_exclusions([]))
task(id(154);cost(26);duration(16);in([[32:15570]#[72:1243]#[296:1394]#[385:23388]#[396:80]#[430:4599]#[449:791]#[450:89]#[515:5407]#[662:8]#[789:10]#[794:11]#[827:3740]#[971:5]#[1021:4305]#[1035:162]#[1097:486]#[1205:1008]#[1218:271]#[1255:9003]#[1282:813]#[1450:52]]);out([[766:118483]]);mutual_exclusions([]))
task(id(50);cost(91);duration(35);in([[32:15]#[38:42]#[71:316]#[72:3]#[114:545]#[296:175]#[351:3636]#[396:1284]#[442:3537]#[449:49]#[491:691]#[531:7]#[559:30]#[601:2064]#[616:3]#[757:2141]#[766:14810]#[775:1964]#[794:87]#[857:540]#[913:1]#[1035:41]#[1044:1]#[1218:17]#[1220:6848]#[1261:3254]#[1282:13]#[1321:6389]]);out([[936:138885]#[943:92043]]);mutual_exclusions([]))
task(id(203);cost(64);duration(43);in([[32:973]#[71:1262]#[99:7377]#[114:1090]#[259:1293]#[296:349]#[394:20]#[404:346]#[442:28298]#[449:6]#[515:1352]#[721:1]#[727:3321]#[757:17]#[923:23912]#[936:4340]#[957:2]#[1021:17221]#[1044:268]#[1121:42]#[1316:1]#[1404:1]#[1450:7]#[1456:523]]);out([[184:20436]#[1300:88888]]);mutual_exclusions([]))
task(id(133);cost(61);duration(24);in([[121:1786]#[296:348]#[442:1]#[450:1419]#[468:25929]#[721:24455]#[727:13281]#[757:268]#[775:61]#[789:605]#[957:6766]#[1021:538]#[1035:2591]#[1044:17128]#[1121:166]#[1218:1081]#[1261:3254]#[1300:11111]#[1351:3984]#[1450:6]#[1456:8]#[1483:14391]]);out([[1284:144103]]);mutual_exclusions([]))
task(id(213);cost(86);duration(13);in([[32:243]#[72:19877]#[171:32]#[234:26785]#[259:40]#[396:5]#[491:3]#[559:59]#[601:1]#[775:3930]#[789:76]#[804:2000]#[1021:67]#[1035:21]#[1164:2241]#[1218:8654]#[1220:1]#[1273:934]#[1284:563]#[1300:1389]#[1316:371]#[1351:16]#[1404:292]]);out([[316:149179]#[1206:26391]#[1229:110166]]);mutual_exclusions([]))
task(id(107);cost(33);duration(21);in([[32:15570]#[171:32374]#[316:1]#[351:1818]#[450:11]#[468:6482]#[491:1]#[515:169]#[547:39]#[601:516]#[789:5]#[794:2]#[923:93]#[957:106]#[1044:17]#[1051:2106]#[1078:3189]#[1205:4033]#[1218:271]#[1300:87]]);out([[37:140122]#[518:108740]#[914:81663]]);mutual_exclusions([]))
task(id(135);cost(83);duration(40);in([[37:1095]#[87:18435]#[116:6888]#[243:6756]#[259:2]#[296:697]#[408:1898]#[449:395]#[450:177]#[468:6482]#[531:1]#[547:1]#[601:33]#[727:7]#[757:33]#[766:58]#[775:123]#[794:174]#[856:6239]#[913:37]#[936:1]#[1000:1]#[1044:535]#[1121:5305]#[1206:412]#[1218:2164]#[1220:3]#[1284:563]#[1321:1]#[1351:996]#[1404:2336]#[1450:3306]]);out([[361:133945]#[433:70402]#[1080:31421]]);mutual_exclusions([]))
task(id(42);cost(57);duration(57);in([[32:4]#[38:2681]#[99:14]#[114:1]#[243:27023]#[361:131]#[396:1284]#[430:18395]#[449:198]#[450:11]#[468:51]#[531:1823]#[727:1]#[757:33]#[775:15718]#[856:6239]#[913:4752]#[923:187]#[1021:269]#[1044:134]#[1051:263]#[1121:2]#[1218:68]#[1282:7]#[1450:13220]]);out([[687:144667]#[1372:68411]#[1500:88337]]);mutual_exclusions([]))
task(id(91);cost(51);duration(35);in([[32:15569]#[33:3]#[71:632]#[259:5174]#[316:18648]#[351:14]#[396:5138]#[430:287]#[442:1]#[449:1582]#[450:1]#[515:169]#[531:1823]#[739:50572]#[757:134]#[857:34]#[913:594]#[937:12435]#[971:5]#[1035:648]#[1164:1121]#[1205:32266]#[1220:3424]#[1261:25]#[1282:203]#[1316:1483]#[1372:4275]#[1456:262]]);out([[1225:144072]]);mutual_exclusions([]))
task(id(96);cost(52);duration(40);in([[33:3]#[171:1012]#[316:9]#[361:33]#[449:1]#[450:1419]#[547:156]#[559:2]#[563:51]#[686:9]#[721:3]#[757:2141]#[766:7405]#[775:1]#[794:1]#[857:1]#[914:40]#[923:3]#[1021:4]#[1035:1]#[1044:8564]#[1051:66]#[1218:4]#[1225:9005]#[1255:4502]#[1261:13]#[1273:2]#[1372:2138]]);out([[726:90487]]);mutual_exclusions([]))
task(id(64);cost(62);duration(19);in([[32:3892]#[33:2984]#[87:18434]#[121:56]#[449:99]#[450:1419]#[468:811]#[515:10]#[531:455]#[653:1852]#[726:22]#[757:9]#[794:2780]#[804:4000]#[857:8]#[943:23011]#[1044:8]#[1050:71374]#[1164:35]#[1205:252]#[1255:141]#[1284:2]#[1316:93]#[1456:16727]#[1500:44169]]);out([[297:57869]#[799:29477]#[1251:140184]]);mutual_exclusions([]))
task(id(195);cost(40);duration(55);in([[32:7]#[37:137]#[72:1242]#[259:2587]#[296:1]#[351:454]#[396:10274]#[404:173]#[442:3538]#[563:820]#[687:283]#[727:4]#[766:1]#[775:31]#[789:604]#[799:3684]#[804:1]#[827:2]#[913:149]#[1044:535]#[1051:2105]#[1080:982]#[1097:243]#[1121:83]#[1218:17307]#[1282:812]#[1351:31]]);out([[503:123915]#[1071:37565]]);mutual_exclusions([]))
task(id(48);cost(67);duration(58);in([[116:6888]#[121:28]#[296:11]#[396:10275]#[404:5544]#[449:198]#[450:710]#[503:968]#[547:311]#[616:52]#[794:22]#[827:935]#[914:20416]#[936:17360]#[1044:17128]#[1080:245]#[1121:2653]#[1220:1712]#[1225:4502]#[1251:8761]#[1261:6509]#[1300:347]#[1316:370]#[1321:50]#[1351:2]#[1399:10049]#[1450:103]]);out([[538:85538]]);mutual_exclusions([]))
task(id(36);cost(15);duration(35);in([[32:7785]#[52:2221]#[87:9]#[123:1976]#[259:10349]#[316:9324]#[361:1]#[394:40]#[396:20]#[404:693]#[449:12651]#[468:50]#[538:21]#[601:2]#[775:982]#[789:4836]#[856:6239]#[936:8680]#[957:13530]#[971:10]#[1021:17]#[1051:4211]#[1164:140]#[1282:813]#[1347:3213]#[1450:13]]);out([[438:33733]#[607:64513]]);mutual_exclusions([]))
task(id(199);cost(99);duration(59);in([[38:3]#[52:35]#[71:1]#[72:2485]#[99:3688]#[121:28576]#[171:63]#[296:348]#[355:7]#[361:8]#[450:178]#[531:14583]#[538:334]#[601:1]#[607:8]#[687:2260]#[721:12228]#[726:11]#[727:104]#[766:1851]#[775:31]#[827:1870]#[937:12436]#[957:7]#[1021:34442]#[1035:324]#[1044:17128]#[1097:1943]#[1121:10]#[1282:51]#[1284:9006]#[1388:18868]]);out([[386:109455]#[1413:16749]]);mutual_exclusions([]))
task(id(26);cost(62);duration(17);in([[32:61]#[52:1]#[72:621]#[87:1]#[386:214]#[433:35201]#[559:15]#[601:2064]#[607:504]#[662:123]#[721:12]#[727:1]#[757:17]#[789:2418]#[794:5560]#[804:1000]#[827:117]#[1044:1]#[1121:2]#[1181:1]#[1206:1]#[1218:67]#[1284:9007]#[1300:2]#[1321:1]#[1351:996]#[1404:292]#[1443:56063]]);out([[379:53237]#[658:60074]#[1400:82364]]);mutual_exclusions([]))
task(id(2);cost(23);duration(29);in([[32:3892]#[71:5]#[72:1]#[114:4360]#[121:1]#[207:11434]#[259:20]#[296:5]#[355:2]#[361:523]#[394:1288]#[430:9198]#[515:2703]#[559:1]#[653:4]#[726:3]#[727:3]#[757:267]#[775:491]#[804:2]#[923:747]#[957:212]#[1000:18614]#[1205:32267]#[1251:17523]#[1282:3]#[1300:1]#[1321:25]#[1372:8]#[1400:5148]#[1404:4]#[1409:5628]]);out([[747:28815]]);mutual_exclusions([]))
task(id(246);cost(46);duration(34);in([[71:1]#[72:4969]#[114:136]#[184:5109]#[243:13]#[259:1294]#[386:1710]#[394:2]#[396:10]#[430:2]#[442:3]#[449:12652]#[491:87]#[616:13]#[653:926]#[687:9042]#[747:7]#[766:3703]#[794:695]#[971:3]#[1000:2]#[1035:20]#[1051:1]#[1206:6]#[1273:14949]#[1347:201]#[1400:643]#[1404:73]#[1450:13221]]);out([[84:44124]#[412:99073]#[929:138461]]);mutual_exclusions([]))
task(id(84);cost(27);duration(37);in([[32:1]#[33:1]#[52:4441]#[62:46198]#[71:1]#[84:3]#[123:4]#[184:5109]#[259:1]#[361:65]#[379:2]#[430:36790]#[450:89]#[491:6]#[601:4]#[607:4]#[726:5655]#[766:116]#[804:16001]#[913:1]#[923:24]#[936:2170]#[1078:399]#[1164:280]#[1205:126]#[1206:2]#[1218:4]#[1251:2191]#[1282:1]#[1284:9006]#[1316:6]#[1347:25]#[1404:4672]#[1450:6610]]);out([[600:115075]#[1214:21494]]);mutual_exclusions([]))
task(id(249);cost(89);duration(30);in([[123:7901]#[171:2]#[243:1]#[246:38353]#[296:43]#[379:1664]#[408:3797]#[430:2299]#[449:791]#[468:3241]#[515:85]#[538:5]#[559:238]#[600:14]#[607:16128]#[726:1]#[775:7859]#[957:53]#[1000:1164]#[1121:5305]#[1205:4034]#[1225:2]#[1282:3249]#[1321:50]#[1404:9343]]);out([[380:46478]#[661:147064]]);mutual_exclusions([]))
task(id(148);cost(91);duration(20);in([[32:487]#[52:2221]#[123:61]#[351:228]#[379:13309]#[408:2]#[449:6]#[450:1419]#[503:1]#[538:42]#[559:60]#[601:258]#[661:4]#[687:1]#[747:7204]#[766:463]#[775:3930]#[789:5]#[804:1]#[929:34615]#[1000:4653]#[1080:3927]#[1097:7774]#[1121:83]#[1225:17]#[1255:35]#[1284:35]#[1287:20157]#[1321:3194]#[1404:4672]]);out([[390:29613]#[1036:98566]#[1085:137220]]);mutual_exclusions([]))
task(id(194);cost(89);duration(24);in([[32:2]#[123:8]#[243:1]#[296:88]#[307:4167]#[390:7]#[394:2]#[396:10]#[408:60]#[430:9]#[449:1]#[600:7]#[601:129]#[616:208]#[661:143]#[726:11]#[727:6641]#[747:901]#[757:4]#[766:1]#[789:19]#[923:46]#[1078:1595]#[1204:18005]#[1251:1]#[1284:2251]#[1347:50]#[1372:4]#[1400:20591]#[1404:584]#[1456:16727]]);out([[109:88941]#[1106:116995]]);mutual_exclusions([]))
task(id(209);cost(80);duration(49);in([[37:547]#[72:1]#[243:211]#[351:4]#[386:428]#[394:161]#[396:2]#[450:44]#[491:22]#[503:484]#[515:676]#[600:113]#[607:2016]#[686:2]#[1035:1296]#[1044:8564]#[1106:14625]#[1121:663]#[1225:9004]#[1261:6508]#[1300:3]#[1351:62]#[1388:18867]#[1400:2574]#[1456:2]]);out([[421:138562]#[912:34732]]);mutual_exclusions([]))
task(id(200);cost(47);duration(33);in([[184:5109]#[259:10350]#[262:12535]#[408:475]#[421:4330]#[538:167]#[547:2491]#[601:258]#[661:18]#[726:22]#[727:207]#[789:604]#[804:16001]#[856:6]#[936:1]#[1000:73]#[1035:20]#[1164:560]#[1225:141]#[1255:18]#[1282:1]#[1321:200]]);out([[591:77633]]);mutual_exclusions([]))
task(id(240);cost(22);duration(42);in([[38:2682]#[71:1263]#[84:22062]#[114:17]#[232:33164]#[296:1394]#[396:80]#[449:12652]#[563:13]#[591:19408]#[601:8]#[661:1]#[686:1170]#[687:9041]#[757:2142]#[775:16]#[799:1843]#[827:7]#[857:1081]#[913:3]#[971:40]#[1044:34]#[1085:68610]#[1121:332]#[1214:10747]#[1220:856]#[1282:1]#[1284:2252]#[1321:1597]#[1347:3]#[1351:1993]#[1450:26]]);out([[743:140238]#[1119:138203]]);mutual_exclusions([]))
task(id(215);cost(55);duration(20);in([[32:30]#[37:17]#[84:1379]#[114:34]#[259:324]#[296:1]#[355:28]#[386:54]#[430:575]#[442:442]#[491:21]#[515:338]#[600:28769]#[686:1]#[687:71]#[739:50571]#[743:274]#[747:14]#[757:67]#[804:16000]#[936:9]#[1085:17]#[1121:166]#[1164:1]#[1218:4326]#[1225:9004]#[1251:68]#[1300:1]#[1316:23]#[1321:6]#[1351:249]#[1450:2]#[1456:261]]);out([[1421:27147]]);mutual_exclusions([]))
task(id(223);cost(97);duration(30);in([[71:631]#[114:68]#[121:3]#[184:5109]#[259:161]#[351:57]#[361:33486]#[390:58]#[396:41]#[421:34]#[442:56]#[450:1]#[503:2]#[538:5346]#[591:38]#[600:899]#[601:1]#[686:146]#[726:1]#[727:2]#[743:17530]#[766:1]#[827:2]#[914:10208]#[929:34]#[936:34]#[1000:1]#[1106:29249]#[1121:1]#[1164:35858]#[1220:13697]#[1249:9474]#[1251:35046]#[1284:71]#[1316:23]#[1321:12779]#[1347:201]#[1413:4188]#[1421:13]#[1450:1]]);out([[574:88429]#[947:15382]]);mutual_exclusions([]))
task(id(138);cost(90);duration(23);in([[84:22]#[123:247]#[296:1]#[385:23388]#[386:2]#[390:3702]#[404:5544]#[421:34]#[430:72]#[574:11]#[591:38]#[601:2064]#[686:37430]#[687:36167]#[726:11311]#[743:8765]#[757:268]#[766:1851]#[775:1]#[794:5]#[856:390]#[936:2]#[971:2]#[1021:538]#[1035:1]#[1044:1]#[1051:4]#[1078:6378]#[1205:8066]#[1404:73]#[1456:4]]);out([[370:132070]]);mutual_exclusions([]))
task(id(204);cost(60);duration(37);in([[37:2]#[38:1341]#[62:46198]#[99:922]#[296:22]#[316:1]#[361:1046]#[370:516]#[430:143]#[449:25]#[515:2704]#[559:4]#[574:691]#[591:1]#[600:14]#[601:1]#[743:8765]#[789:1]#[804:125]#[923:23911]#[1204:18005]#[1225:9]#[1282:51]#[1284:5]#[1300:11111]#[1351:124]#[1421:848]]);out([[445:73974]#[1329:45472]]);mutual_exclusions([]))
task(id(226);cost(53);duration(47);in([[32:1946]#[37:34]#[71:1]#[99:29510]#[114:136]#[171:126]#[243:3378]#[259:5175]#[296:1394]#[370:16509]#[379:6]#[386:13682]#[394:644]#[396:643]#[445:1]#[468:102]#[515:84]#[574:3]#[600:1798]#[607:1]#[726:354]#[743:548]#[775:4]#[789:38]#[794:11119]#[804:1000]#[913:1]#[936:17361]#[957:846]#[1035:1296]#[1044:2141]#[1071:18783]#[1078:100]#[1097:4]#[1106:57]#[1205:8]#[1206:6598]#[1225:2251]#[1251:1095]#[1282:13]#[1300:695]#[1316:11861]#[1321:100]#[1372:8551]#[1404:584]#[1421:6]#[1450:1652]]);out([[113:104255]]);mutual_exclusions([]))
task(id(17);cost(33);duration(41);in([[52:69]#[71:5]#[87:1152]#[99:1]#[113:25]#[243:7]#[296:1394]#[386:6]#[450:2838]#[468:202]#[491:173]#[531:7292]#[574:1382]#[591:2426]#[661:36]#[727:6]#[766:7]#[794:6]#[856:12]#[857:17]#[923:1]#[936:1085]#[1035:10365]#[1078:25]#[1106:14]#[1121:41]#[1249:9474]#[1255:35]#[1282:12]#[1284:18013]#[1300:44]#[1316:23]#[1372:4276]#[1404:73]#[1450:6610]]);out([[333:71905]#[979:140360]]);mutual_exclusions([]))
task(id(28);cost(79);duration(26);in([[38:1]#[243:3]#[296:1]#[351:455]#[355:56]#[370:4]#[421:8660]#[658:60074]#[747:7]#[766:926]#[789:1]#[804:2]#[913:19]#[929:68]#[936:17360]#[971:643]#[979:1]#[1000:4654]#[1035:81]#[1044:4282]#[1106:2]#[1121:83]#[1181:1]#[1218:1]#[1284:18013]#[1404:584]#[1450:3305]#[1491:68551]]);out([[819:16406]]);mutual_exclusions([]))
task(id(112);cost(63);duration(38);in([[71:9]#[296:2]#[351:2]#[394:1]#[445:9246]#[515:1351]#[547:10]#[600:28]#[601:1032]#[721:191]#[766:1852]#[775:492]#[789:1209]#[819:256]#[929:17308]#[936:17]#[957:423]#[1047:4193]#[1051:1]#[1080:31]#[1181:144]#[1225:282]#[1251:1]#[1261:13017]#[1273:233]#[1282:3250]#[1351:1992]#[1372:2]#[1450:7]]);out([[304:61011]#[536:24500]#[647:78378]]);mutual_exclusions([]))
task(id(170);cost(59);duration(33);in([[84:11031]#[123:124]#[296:21]#[304:61011]#[351:1]#[370:129]#[379:3]#[394:80]#[449:396]#[491:2762]#[538:5]#[547:2]#[559:3]#[600:1]#[726:44]#[743:137]#[799:1]#[804:63]#[819:2051]#[856:780]#[913:9504]#[936:8]#[971:20]#[1261:3]#[1282:6499]#[1321:799]#[1372:17]#[1404:2]#[1421:848]#[1450:1]]);out([[610:34370]#[870:90112]#[1471:104147]]);mutual_exclusions([]))
task(id(52);cost(42);duration(42);in([[38:84]#[113:6]#[296:22]#[351:57]#[370:8255]#[396:5137]#[408:949]#[421:2165]#[449:1581]#[450:44]#[559:477]#[600:14384]#[601:1]#[607:16]#[610:34]#[721:12228]#[726:11311]#[727:104]#[757:1]#[775:123]#[789:19]#[857:4321]#[923:11956]#[979:9]#[1035:10]#[1085:134]#[1121:1326]#[1205:16134]#[1218:2]#[1220:27392]#[1261:102]#[1273:7474]#[1300:1]#[1321:12778]#[1347:1606]#[1351:1]#[1372:67]#[1421:106]]);out([[506:18432]]);mutual_exclusions([]))
task(id(202);cost(18);duration(57);in([[37:2189]#[38:167]#[72:19]#[113:3258]#[123:987]#[333:35953]#[370:4127]#[386:427]#[390:116]#[421:1]#[449:13]#[468:1]#[506:9]#[559:3812]#[563:3278]#[600:112]#[607:32]#[647:1225]#[687:18083]#[757:8565]#[775:8]#[789:75]#[804:500]#[819:8]#[913:297]#[929:17]#[936:1085]#[971:322]#[1044:2141]#[1088:21057]#[1119:69102]#[1218:33]#[1225:35]#[1282:406]#[1347:13]#[1421:106]#[1450:1652]#[1456:33]]);out([[1371:138977]#[1395:36374]#[1438:36922]]);mutual_exclusions([]))
task(id(152);cost(54);duration(28);in([[103:16092]#[121:14]#[259:2588]#[296:1394]#[370:65]#[394:2577]#[408:15]#[442:28]#[491:11]#[506:1]#[515:21]#[538:10692]#[559:1]#[607:8064]#[647:2449]#[662:2]#[687:18084]#[727:3320]#[775:3929]#[789:2418]#[794:1390]#[913:4752]#[957:1691]#[979:274]#[1035:10365]#[1106:1]#[1218:17307]#[1225:9005]#[1255:36012]#[1261:6]#[1273:4]#[1284:1]#[1395:284]#[1400:3]#[1450:413]#[1456:262]]);out([[1314:66616]#[1482:61432]]);mutual_exclusions([]))
task(id(1);cost(64);duration(11);in([[32:486]#[71:1]#[72:310]#[87:288]#[123:247]#[259:41]#[296:349]#[351:909]#[370:16]#[396:2569]#[421:17]#[468:405]#[503:3873]#[574:11]#[601:2]#[653:463]#[726:2828]#[766:926]#[775:3929]#[794:11119]#[804:4]#[856:2]#[936:2]#[957:26]#[971:644]#[979:1]#[1000:582]#[1047:4193]#[1051:526]#[1080:491]#[1097:121]#[1164:9]#[1205:504]#[1206:26]#[1218:8654]#[1314:520]#[1351:7]]);out([[217:149881]#[352:22527]#[1165:102548]]);mutual_exclusions([]))
task(id(75);cost(38);duration(14);in([[20:83048]#[121:14288]#[123:494]#[171:1]#[259:323]#[333:35952]#[352:88]#[386:27363]#[394:2577]#[449:24]#[450:1]#[506:144]#[515:5406]#[535:143052]#[536:191]#[538:21]#[607:1008]#[610:269]#[686:37430]#[726:5]#[727:13]#[743:2]#[747:450]#[757:2]#[775:61]#[804:500]#[819:513]#[827:1]#[923:187]#[936:4]#[1000:2326]#[1021:1077]#[1035:1295]#[1044:9]#[1106:457]#[1205:8067]#[1220:1]#[1225:9]#[1282:1]#[1300:2]#[1321:3195]#[1347:6]#[1371:4343]#[1404:9]#[1450:13]]);out([[1262:137950]]);mutual_exclusions([]))
task(id(177);cost(82);duration(45);in([[33:2]#[38:5]#[52:17]#[207:11434]#[259:10350]#[352:352]#[370:1]#[394:5153]#[445:2]#[449:197]#[503:3872]#[506:288]#[543:37925]#[559:239]#[653:926]#[661:9192]#[686:18]#[721:6]#[726:707]#[743:17529]#[747:14]#[757:67]#[766:232]#[775:491]#[789:302]#[804:31]#[856:98]#[913:4752]#[971:5148]#[979:2193]#[1085:16]#[1106:914]#[1218:270]#[1225:5]#[1262:539]#[1273:58]#[1284:281]#[1300:11]#[1314:2]#[1347:100]#[1409:5629]#[1421:14]#[1456:1046]]);out([[152:98277]#[996:92615]#[1140:141331]]);mutual_exclusions([]))
task(id(111);cost(96);duration(21);in([[33:12]#[52:555]#[71:1262]#[72:78]#[114:17438]#[152:98277]#[217:37470]#[351:7274]#[355:451]#[370:2064]#[421:4330]#[468:3241]#[653:2]#[686:37430]#[743:68]#[747:2]#[757:16]#[775:4]#[789:2417]#[799:7370]#[819:16]#[923:2989]#[947:7691]#[1044:536]#[1047:4193]#[1106:7312]#[1255:562]#[1316:12]#[1321:3195]#[1351:1992]#[1471:407]#[1483:14391]]);out([[255:104475]#[665:105750]#[1166:92374]]);mutual_exclusions([]))
task(id(88);cost(73);duration(31);in([[33:93]#[38:5363]#[71:79]#[113:12]#[123:123]#[316:146]#[355:14]#[361:2]#[386:7]#[445:9]#[506:1152]#[536:12250]#[559:7625]#[574:1]#[591:2]#[600:899]#[661:1149]#[687:4]#[727:830]#[757:8565]#[766:463]#[775:31]#[794:2780]#[819:1]#[856:12]#[936:8680]#[957:13531]#[1078:199]#[1106:3]#[1166:361]#[1218:17]#[1220:1712]#[1251:9]#[1255:70]#[1273:2]#[1284:18]#[1314:65]#[1321:6389]#[1347:1]#[1404:5]#[1450:3]#[1456:1045]]);out([[83:61028]#[1031:68879]#[1178:18473]]);mutual_exclusions([]))
task(id(156);cost(87);duration(27);in([[99:14755]#[217:73]#[316:18647]#[351:227]#[361:16]#[396:5]#[430:18396]#[506:576]#[515:85]#[574:21]#[665:1652]#[721:382]#[747:3602]#[757:535]#[766:926]#[775:31]#[799:115]#[819:1026]#[827:3741]#[929:541]#[979:8772]#[1031:4305]#[1035:1]#[1071:18782]#[1085:8576]#[1097:7775]#[1140:35333]#[1181:1157]#[1205:1008]#[1220:856]#[1225:35]#[1261:3255]#[1282:1625]#[1284:2]#[1300:5555]#[1314:2082]#[1316:1482]#[1371:136]#[1372:2138]]);out([[495:27343]#[1302:35296]]);mutual_exclusions([]))
task(id(233);cost(52);duration(51);in([[32:61]#[38:1340]#[99:1845]#[114:4359]#[243:422]#[296:349]#[351:7273]#[352:11264]#[370:2063]#[379:3327]#[404:22175]#[449:1581]#[506:36]#[518:108740]#[538:10693]#[559:60]#[563:205]#[574:2763]#[601:32]#[607:126]#[687:565]#[747:28]#[775:245]#[794:348]#[799:3685]#[819:1]#[827:3]#[913:2376]#[923:1]#[929:135]#[936:135]#[1044:2]#[1085:67]#[1106:28]#[1181:289]#[1206:52]#[1218:4]#[1225:1]#[1282:6499]#[1300:11]#[1302:4]#[1351:4]#[1395:1137]#[1456:1045]]);out([[405:110842]#[595:136840]#[688:139862]]);mutual_exclusions([]))
task(id(151);cost(99);duration(12);in([[32:7785]#[52:8883]#[87:4609]#[259:5175]#[296:1]#[351:3637]#[421:34640]#[445:36]#[449:791]#[503:4]#[515:84]#[531:28]#[536:24]#[559:7]#[563:410]#[574:1]#[591:4852]#[601:2065]#[616:1659]#[653:7409]#[661:574]#[665:206]#[688:546]#[743:1]#[747:1]#[757:4282]#[789:38]#[794:1390]#[819:1025]#[857:34571]#[923:11956]#[936:1]#[1000:145]#[1035:2591]#[1097:2]#[1140:1104]#[1262:17244]#[1284:17]#[1300:694]#[1321:6390]#[1395:568]#[1400:40]#[1421:1697]]);out([[160:85371]#[608:24919]#[1359:141247]]);mutual_exclusions([]))
task(id(76);cost(39);duration(58);in([[32:15]#[37:70061]#[71:1263]#[72:155]#[114:8]#[123:3951]#[243:27023]#[379:1]#[396:321]#[404:1386]#[495:13671]#[536:48]#[547:1]#[563:3]#[601:129]#[608:24]#[610:1074]#[661:9191]#[726:11311]#[727:1]#[757:8]#[766:2]#[794:44]#[804:2000]#[827:3741]#[857:135]#[936:4340]#[971:80]#[979:1]#[996:5788]#[1035:647]#[1044:2]#[1097:15]#[1164:70]#[1165:102548]#[1218:68]#[1229:55083]#[1255:18005]#[1262:135]#[1282:406]#[1300:2778]#[1314:8]#[1316:47]#[1321:6]#[1351:2]#[1372:267]#[1404:1168]#[1413:4187]#[1421:424]#[1450:207]]);out([[208:62724]]);mutual_exclusions([]))
task(id(124);cost(76);duration(40);in([[33:23]#[52:4]#[87:576]#[113:1629]#[171:4]#[208:15]#[262:12535]#[352:176]#[386:4]#[394:1289]#[396:5137]#[445:5]#[449:197]#[450:1419]#[503:242]#[506:18]#[515:1352]#[559:15]#[607:63]#[647:19595]#[687:4521]#[727:13282]#[747:112]#[757:4]#[789:75]#[804:250]#[819:1026]#[856:6239]#[857:135]#[914:40832]#[923:11]#[979:548]#[1031:8]#[1044:8564]#[1051:2106]#[1080:2]#[1097:243]#[1140:8833]#[1225:4]#[1284:18013]#[1314:65]#[1321:799]#[1351:249]#[1400:80]#[1404:1]#[1421:424]]);out([[400:107499]#[490:119310]#[1276:143336]]);mutual_exclusions([]))
task(id(53);cost(77);duration(11);in([[52:278]#[71:2]#[83:61028]#[121:28576]#[217:74941]#[243:1689]#[296:697]#[386:53]#[400:104]#[408:1]#[445:18]#[449:6326]#[450:2838]#[491:345]#[531:7292]#[538:669]#[574:5527]#[591:152]#[595:136840]#[600:1]#[653:3704]#[661:287]#[687:36167]#[743:9]#[747:450]#[794:87]#[913:2]#[971:40]#[996:1447]#[1044:535]#[1080:7855]#[1085:34]#[1121:2653]#[1206:3299]#[1218:34]#[1232:20513]#[1314:521]#[1395:9094]#[1421:4]#[1456:130]]);out([[710:135361]]);mutual_exclusions([]))
task(id(219);cost(33);duration(38);in([[32:1]#[52:1110]#[123:15]#[208:123]#[217:293]#[259:2587]#[296:697]#[316:36]#[351:1819]#[396:642]#[404:5]#[408:8]#[421:541]#[445:1]#[449:99]#[468:7]#[506:72]#[515:2703]#[538:3]#[559:30]#[591:606]#[608:389]#[653:7409]#[662:1970]#[688:273]#[710:529]#[721:24]#[727:13282]#[743:1096]#[757:16]#[766:15]#[789:303]#[799:461]#[856:6239]#[913:1]#[947:7691]#[1035:2]#[1078:6]#[1106:1828]#[1121:1326]#[1181:18516]#[1276:69]#[1284:18013]#[1316:5930]#[1321:50]#[1351:7968]#[1395:71]#[1421:848]#[1471:3255]]);out([[24:130418]#[509:69469]#[516:97259]]);mutual_exclusions([]))
task(id(109);cost(66);duration(55);in([[24:127]#[32:4]#[113:1]#[116:6888]#[379:52]#[386:6841]#[394:41]#[405:866]#[442:14]#[445:578]#[449:198]#[450:355]#[538:1336]#[547:622]#[600:225]#[616:2]#[653:463]#[727:103]#[757:134]#[766:231]#[775:15719]#[804:15]#[819:1026]#[913:74]#[936:4341]#[979:274]#[1031:8610]#[1097:1]#[1121:1327]#[1225:2251]#[1262:34487]#[1273:1]#[1300:21]#[1314:33]#[1316:5931]#[1351:62]#[1404:1]#[1498:41435]]);out([[181:65523]#[755:81331]]);mutual_exclusions([]))
task(id(137);cost(64);duration(17);in([[52:9]#[84:5516]#[99:4]#[113:203]#[208:61]#[234:26784]#[296:348]#[370:258]#[379:104]#[396:20]#[400:1680]#[405:6928]#[445:72]#[449:99]#[450:2]#[509:67]#[515:42]#[536:12]#[574:345]#[591:19]#[600:3596]#[601:1032]#[608:12460]#[661:18383]#[662:31]#[710:1058]#[727:3320]#[755:79]#[789:38]#[794:348]#[799:230]#[819:512]#[913:2376]#[914:1]#[1021:2]#[1044:4]#[1078:3]#[1097:61]#[1121:331]#[1166:722]#[1178:72]#[1181:4629]#[1225:18]#[1262:17244]#[1282:12999]#[1284:18013]#[1302:1103]#[1321:1]#[1351:8]#[1404:292]#[1443:56062]#[1450:413]]);out([[835:123188]]);mutual_exclusions([]))
task(id(24);cost(60);duration(38);in([[32:122]#[37:68]#[208:3920]#[259:647]#[296:697]#[355:3608]#[370:8254]#[386:6841]#[394:1]#[405:1732]#[433:35201]#[450:22]#[468:25]#[503:7]#[515:1]#[516:97259]#[591:5]#[661:2298]#[686:9358]#[727:52]#[755:40]#[766:7405]#[819:32]#[835:30]#[856:1560]#[913:9504]#[923:6]#[929:8]#[936:1]#[1021:1076]#[1031:1076]#[1035:5]#[1078:6379]#[1097:972]#[1106:3656]#[1121:41]#[1166:23094]#[1206:206]#[1261:51]#[1302:8824]#[1321:200]#[1359:4414]#[1371:68]#[1399:10049]#[1471:25]]);out([[368:55247]]);mutual_exclusions([]))
task(id(126);cost(53);duration(50);in([[113:407]#[243:6]#[259:3]#[316:1]#[352:2816]#[368:3]#[430:144]#[449:3]#[468:1]#[506:9]#[509:8684]#[515:11]#[559:953]#[607:63]#[665:3305]#[710:2115]#[789:19]#[819:128]#[827:3740]#[1035:2591]#[1044:2141]#[1085:34305]#[1097:972]#[1251:4381]#[1255:1]#[1262:539]#[1300:173]#[1316:3]#[1321:3]#[1351:498]#[1404:3]#[1421:3394]]);out([[418:32380]#[656:84897]#[1254:82803]]);mutual_exclusions([]))
task(id(217);cost(92);duration(20);in([[32:973]#[37:274]#[71:158]#[114:17438]#[171:4047]#[208:490]#[232:33165]#[259:324]#[351:29]#[370:1032]#[386:107]#[396:160]#[405:55421]#[418:4048]#[491:346]#[503:30979]#[543:37926]#[600:2]#[653:14818]#[661:36]#[686:4679]#[726:44]#[757:34]#[789:1209]#[794:21]#[913:4752]#[971:10297]#[979:35090]#[1121:21]#[1218:2]#[1225:1126]#[1251:548]#[1321:6389]#[1351:8]#[1359:138]#[1404:18]#[1500:44168]]);out([[153:113240]#[540:72408]#[556:28421]]);mutual_exclusions([]))
task(id(81);cost(23);duration(29);in([[24:8151]#[30:27952]#[87:2]#[153:3539]#[217:73]#[243:4]#[255:104475]#[259:5]#[296:1394]#[368:7]#[370:516]#[386:1]#[394:322]#[396:321]#[468:810]#[506:144]#[607:126]#[610:4296]#[616:13270]#[647:4899]#[656:5306]#[661:2298]#[688:34966]#[710:2115]#[743:4383]#[747:3]#[757:8565]#[794:5559]#[799:7369]#[856:1]#[936:2170]#[989:69162]#[1000:2327]#[1021:134]#[1035:2]#[1051:33]#[1085:268]#[1106:1828]#[1121:1]#[1181:1158]#[1205:1]#[1206:3]#[1225:1]#[1282:2]#[1300:174]#[1302:2206]#[1316:1]#[1321:1]#[1351:8]#[1359:8828]#[1395:18]#[1404:9]#[1450:1]#[1456:2091]]);out([[251:58885]#[1335:87898]]);mutual_exclusions([]))
task(id(248);cost(44);duration(18);in([[24:32605]#[37:17515]#[38:42]#[52:2]#[71:1]#[243:53]#[246:38352]#[259:2587]#[352:44]#[361:4186]#[368:3453]#[386:1]#[404:11088]#[515:169]#[538:5346]#[547:623]#[600:449]#[601:4]#[608:3115]#[647:38]#[661:72]#[686:585]#[726:177]#[743:4382]#[789:9]#[794:11]#[799:58]#[804:125]#[835:7699]#[856:195]#[879:49085]#[912:17366]#[913:9504]#[929:69231]#[936:4]#[971:161]#[1044:16]#[1121:11]#[1206:13]#[1220:107]#[1282:1625]#[1284:1]#[1300:22]#[1321:3]#[1335:3]#[1351:15]#[1395:18187]#[1450:826]]);out([[1392:120301]]);mutual_exclusions([]))
task(id(114);cost(53);duration(34);in([[24:127]#[87:9217]#[171:2023]#[296:3]#[316:73]#[379:832]#[386:27364]#[390:1851]#[396:161]#[408:1]#[418:2024]#[421:1]#[445:289]#[449:6326]#[450:1]#[503:15489]#[515:676]#[536:6]#[600:14385]#[601:32]#[607:4032]#[608:195]#[687:35]#[710:264]#[819:64]#[835:962]#[856:6]#[857:2160]#[913:1]#[943:23010]#[971:1287]#[979:274]#[1000:9307]#[1080:1]#[1164:17928]#[1166:180]#[1218:2]#[1225:18009]#[1262:1]#[1282:6]#[1300:2777]#[1302:9]#[1314:1]#[1321:6]#[1335:21974]#[1351:249]#[1392:29]#[1404:146]#[1456:131]]);out([[354:20513]#[699:107442]]);mutual_exclusions([]))
task(id(5);cost(28);duration(17);in([[24:2038]#[32:487]#[103:16092]#[113:51]#[114:1]#[121:3572]#[370:32]#[430:36791]#[445:18493]#[490:119310]#[515:5406]#[538:83]#[559:2]#[591:9]#[600:28768]#[601:1032]#[610:16]#[647:9]#[656:331]#[661:287]#[699:53721]#[710:16920]#[727:6641]#[743:548]#[755:2542]#[766:925]#[775:1965]#[789:5]#[914:20]#[936:68]#[957:106]#[971:2574]#[1031:34]#[1166:1443]#[1220:27393]#[1225:563]#[1251:4]#[1262:4]#[1302:138]#[1321:12]#[1372:134]#[1399:10049]#[1400:10296]#[1404:146]#[1421:1697]#[1450:51]]);out([[1211:117844]]);mutual_exclusions([]))
task(id(211);cost(60);duration(12);in([[32:487]#[38:21]#[99:1844]#[113:7]#[121:7144]#[296:44]#[307:4167]#[394:81]#[396:10]#[421:270]#[442:55]#[468:1]#[503:31]#[515:169]#[559:954]#[574:2764]#[591:9704]#[601:2]#[607:4032]#[662:3942]#[686:1]#[743:1]#[775:30]#[914:159]#[923:6]#[936:17]#[957:211]#[979:69]#[1021:269]#[1051:4211]#[1140:276]#[1211:4]#[1220:27]#[1284:282]#[1302:1]#[1314:260]#[1335:10987]#[1371:1086]#[1392:2]#[1400:1]#[1404:9344]#[1450:827]#[1456:8364]]);out([[162:49208]#[213:49515]#[276:37089]]);mutual_exclusions([]))
task(id(118);cost(94);duration(27);in([[72:5]#[113:3]#[171:1011]#[243:27]#[259:647]#[276:579]#[296:11]#[355:1804]#[370:129]#[379:26]#[386:3]#[396:5137]#[405:27711]#[430:1149]#[445:36]#[449:3163]#[503:30]#[506:3]#[515:675]#[531:114]#[538:10692]#[574:22107]#[591:4]#[601:64]#[607:1008]#[647:153]#[661:2]#[687:4521]#[721:6114]#[727:1660]#[757:8565]#[794:10]#[804:62]#[929:2163]#[971:322]#[979:2]#[1031:67]#[1035:324]#[1044:33]#[1106:3656]#[1218:5]#[1220:214]#[1225:563]#[1251:2190]#[1273:117]#[1300:695]#[1314:130]#[1321:199]#[1351:3985]#[1359:1103]#[1450:826]#[1471:102]]);out([[431:77101]]);mutual_exclusions([]))
task(id(129);cost(98);duration(19);in([[123:15803]#[208:8]#[243:105]#[259:20]#[351:114]#[352:5632]#[368:6906]#[386:1]#[396:80]#[400:420]#[404:1386]#[430:4599]#[431:19]#[450:2838]#[503:7744]#[506:1152]#[515:6]#[559:119]#[574:5527]#[600:56]#[601:2064]#[661:4596]#[688:137]#[699:52]#[710:1]#[726:6]#[757:1]#[766:58]#[794:5559]#[835:1925]#[913:2376]#[936:4340]#[979:4386]#[996:11577]#[1044:267]#[1121:83]#[1164:4]#[1273:3]#[1284:9]#[1300:1389]#[1314:16654]#[1335:43]#[1347:12853]#[1392:3760]#[1421:3]#[1450:13221]#[1456:1]]);out([[15:92772]#[140:81280]#[998:56978]]);mutual_exclusions([]))
task(id(140);cost(17);duration(51);in([[15:2899]#[24:16302]#[33:11]#[72:19878]#[99:922]#[109:44470]#[113:407]#[213:3095]#[217:4684]#[259:81]#[316:1165]#[355:1]#[368:863]#[386:855]#[390:463]#[396:642]#[405:3464]#[450:355]#[491:1381]#[503:4]#[591:19409]#[600:1]#[601:65]#[607:2016]#[608:49]#[616:1659]#[661:1]#[726:176]#[727:1]#[799:2]#[804:1]#[856:97]#[923:94]#[1031:2152]#[1035:81]#[1211:7365]#[1220:6848]#[1261:1627]#[1273:467]#[1284:4]#[1351:8]#[1392:7]#[1404:292]#[1450:6]#[1456:4182]]);out([[560:98323]#[1067:58469]]);mutual_exclusions([]))
task(id(182);cost(35);duration(34);in([[33:47]#[84:86]#[217:585]#[316:2]#[355:7216]#[368:3453]#[370:4]#[396:161]#[408:7592]#[421:17320]#[431:9638]#[445:289]#[468:1621]#[491:5525]#[506:4608]#[536:1531]#[538:84]#[547:2491]#[556:7105]#[559:8]#[560:768]#[591:1213]#[600:4]#[601:1]#[656:1327]#[699:839]#[710:4230]#[727:830]#[747:4]#[799:29]#[819:1]#[835:481]#[857:8643]#[913:9]#[936:68]#[979:2193]#[1021:2152]#[1035:1295]#[1121:332]#[1166:5773]#[1211:29461]#[1284:35]#[1351:1]#[1395:8]#[1400:161]#[1404:146]#[1421:1]]);out([[381:80750]#[797:39008]#[1243:126515]]);mutual_exclusions([]))
task(id(63);cost(77);duration(46);in([[32:15569]#[38:671]#[71:157]#[243:3378]#[259:323]#[316:583]#[355:1804]#[370:8]#[390:7403]#[396:1]#[400:13437]#[442:111]#[449:50]#[506:576]#[509:34735]#[531:114]#[538:1]#[560:25]#[574:691]#[600:2]#[656:10612]#[686:2339]#[726:2827]#[727:26]#[766:29]#[794:695]#[827:468]#[913:1188]#[914:80]#[936:272]#[971:20]#[1035:81]#[1044:67]#[1080:1964]#[1106:57]#[1205:16]#[1211:460]#[1225:9005]#[1243:63258]#[1251:17]#[1262:135]#[1282:406]#[1302:2]#[1395:36]#[1400:41182]#[1421:1]#[1471:6509]]);out([[745:138392]#[1313:57839]#[1317:135673]]);mutual_exclusions([]))
task(id(157);cost(60);duration(59);in([[32:7784]#[38:670]#[52:1]#[71:39]#[113:1629]#[123:494]#[296:697]#[370:64]#[386:26]#[404:1]#[421:4]#[491:3]#[556:3553]#[600:7192]#[653:3705]#[661:1]#[662:61]#[665:13219]#[686:5]#[743:2191]#[745:34598]#[755:159]#[775:7]#[789:4]#[794:43]#[804:4]#[835:8]#[914:638]#[934:24220]#[936:271]#[957:1692]#[1000:36]#[1035:162]#[1044:1071]#[1097:121]#[1106:4]#[1178:9]#[1211:115]#[1251:2190]#[1255:1]#[1282:25]#[1300:43]#[1301:10704]#[1302:1]#[1314:4]#[1321:25]#[1371:33]#[1392:3759]#[1404:1168]#[1421:3393]#[1450:1653]]);out([[108:137309]#[303:132584]#[576:120026]]);mutual_exclusions([]))
task(id(186);cost(26);duration(16);in([[32:973]#[33:1492]#[71:1262]#[99:7378]#[153:56620]#[171:8094]#[259:1]#[262:12535]#[316:2331]#[355:1804]#[418:126]#[431:38]#[450:2838]#[503:1936]#[515:338]#[531:912]#[574:22]#[576:30007]#[591:304]#[607:16]#[687:1130]#[710:66]#[747:28]#[766:14810]#[775:122]#[789:151]#[794:11]#[819:1]#[835:15399]#[856:12478]#[996:46308]#[998:14245]#[1035:20]#[1080:8]#[1119:69101]#[1121:10]#[1181:9]#[1211:29]#[1218:8653]#[1225:71]#[1243:31629]#[1251:2]#[1282:12998]#[1313:7230]#[1321:200]#[1329:22736]#[1351:1]#[1359:70624]#[1392:59]]);out([[154:29359]#[826:108254]]);mutual_exclusions([]))
task(id(128);cost(44);duration(42);in([[37:8758]#[52:4442]#[153:221]#[181:65523]#[243:1]#[296:22]#[316:37295]#[361:8372]#[379:13]#[386:1710]#[394:3]#[396:2569]#[400:6719]#[421:2]#[468:3]#[503:484]#[509:17367]#[515:2703]#[547:9963]#[559:3813]#[560:192]#[591:1]#[600:3596]#[616:104]#[687:4521]#[688:4371]#[710:1]#[757:2141]#[775:1965]#[789:4836]#[804:16001]#[819:257]#[826:27063]#[857:270]#[913:4]#[979:1096]#[1044:2141]#[1106:115]#[1178:2309]#[1181:73]#[1211:1]#[1218:34]#[1225:18009]#[1243:15814]#[1262:67]#[1282:12999]#[1300:694]#[1302:551]#[1314:8327]#[1321:1597]#[1335:86]#[1359:276]#[1392:1]#[1421:26]#[1450:13220]#[1483:14391]]);out([[1038:66802]]);mutual_exclusions([]))
task(id(8);cost(80);duration(52);in([[32:486]#[84:2758]#[113:3]#[114:1]#[213:12379]#[259:323]#[316:4662]#[351:28]#[368:27]#[370:4127]#[379:6655]#[400:210]#[404:11088]#[405:433]#[431:5]#[449:1582]#[491:1]#[506:2304]#[529:125679]#[536:3]#[538:2]#[559:953]#[574:173]#[576:7502]#[601:2064]#[607:252]#[686:73]#[743:35059]#[745:17299]#[775:15]#[799:921]#[912:17366]#[923:12]#[1038:4]#[1121:10611]#[1218:1082]#[1255:9003]#[1284:1]#[1314:32]#[1316:46]#[1335:1]#[1371:34]#[1372:33]#[1388:18867]#[1404:2336]#[1409:5629]]);out([[705:67389]]);mutual_exclusions([]))
task(id(221);cost(88);duration(37);in([[15:23193]#[38:5363]#[84:345]#[123:3950]#[153:7078]#[162:49208]#[208:15681]#[259:10]#[296:43]#[316:9324]#[368:6906]#[370:2]#[503:7745]#[506:1]#[559:1907]#[574:5]#[591:1213]#[601:1]#[653:14818]#[656:663]#[661:1149]#[688:17483]#[705:132]#[727:13281]#[743:68]#[755:5083]#[766:7406]#[775:15719]#[789:2418]#[794:2]#[827:234]#[1021:68]#[1035:10365]#[1106:7312]#[1121:10611]#[1164:4482]#[1218:541]#[1249:9474]#[1262:2156]#[1273:1869]#[1276:35834]#[1282:51]#[1335:11]#[1347:1]#[1421:212]]);out([[731:141141]#[1285:41546]]);mutual_exclusions([]))
task(id(46);cost(39);duration(23);in([[71:1263]#[121:1]#[154:29359]#[208:15681]#[259:324]#[296:697]#[355:113]#[361:1]#[368:2]#[370:32]#[430:1]#[431:151]#[445:2312]#[450:1419]#[503:121]#[506:36]#[509:543]#[536:766]#[538:10]#[560:12290]#[601:65]#[608:97]#[616:207]#[661:36766]#[688:8741]#[699:210]#[705:1053]#[726:707]#[731:2205]#[745:69196]#[775:1]#[789:37]#[794:2780]#[797:4876]#[804:8001]#[913:18]#[923:373]#[936:136]#[1000:9]#[1021:34]#[1031:269]#[1140:138]#[1166:46187]#[1181:18516]#[1205:2]#[1206:103]#[1211:2]#[1218:1]#[1220:3424]#[1262:1078]#[1276:17917]#[1284:4503]#[1351:63]#[1372:17103]#[1421:1697]]);out([[264:27186]#[338:30430]#[599:122230]]);mutual_exclusions([]))
task(id(45);cost(58);duration(24);in([[15:11597]#[33:373]#[71:10]#[87:2304]#[208:3921]#[259:2]#[264:13593]#[303:132584]#[316:37295]#[352:11]#[386:107]#[421:2165]#[431:9]#[438:16867]#[450:89]#[468:12965]#[531:14]#[600:225]#[610:537]#[699:1679]#[726:1]#[727:1]#[731:69]#[743:17]#[757:1071]#[766:14811]#[794:347]#[856:1559]#[857:34571]#[913:37]#[923:747]#[929:2]#[943:23011]#[996:180]#[1038:1044]#[1051:132]#[1080:1964]#[1121:10611]#[1164:2]#[1225:9004]#[1262:34]#[1276:70]#[1284:1126]#[1314:1041]#[1316:2966]#[1335:1]#[1392:7519]#[1395:2273]#[1421:27]#[1450:13]#[1498:41435]]);out([[708:64493]]);mutual_exclusions([]))
task(id(207);cost(26);duration(22);in([[37:2]#[113:102]#[140:81280]#[208:980]#[259:5175]#[262:12535]#[374:53846]#[386:3420]#[390:925]#[404:11]#[405:108]#[408:59]#[421:8660]#[445:578]#[449:395]#[450:23]#[503:1]#[556:14211]#[560:96]#[600:28]#[665:826]#[687:1]#[699:13430]#[705:16847]#[708:2015]#[731:1103]#[743:1095]#[747:1801]#[766:1851]#[804:4000]#[819:128]#[826:846]#[835:60]#[856:24]#[857:4322]#[1038:16701]#[1044:4]#[1051:8]#[1080:61]#[1164:17929]#[1178:9237]#[1218:2164]#[1273:29]#[1276:71668]#[1282:101]#[1313:1807]#[1314:1]#[1347:25704]#[1351:124]#[1359:68]#[1392:15]#[1404:37]#[1421:425]#[1450:52]]);out([[211:96598]#[1103:68819]#[1407:111865]]);mutual_exclusions([]))
task(id(9);cost(42);duration(22);in([[24:255]#[71:79]#[95:17009]#[99:58]#[113:6516]#[243:13512]#[259:10]#[316:4]#[370:8]#[445:2311]#[449:12]#[538:1]#[559:476]#[560:48]#[563:205]#[576:15003]#[601:2]#[607:16]#[653:463]#[708:252]#[710:33]#[727:13]#[731:4411]#[743:1]#[757:34]#[794:43]#[797:609]#[827:3740]#[835:30797]#[979:137]#[996:724]#[998:3561]#[1038:33401]#[1044:1]#[1178:577]#[1181:2]#[1218:1]#[1225:2]#[1255:18006]#[1262:17]#[1276:4479]#[1282:12998]#[1302:8824]#[1313:28920]#[1314:8327]#[1335:5494]#[1347:804]#[1351:15]#[1392:4]#[1404:9344]#[1407:27966]#[1421:3394]#[1450:1653]#[1456:4]]);out([[924:149908]]);mutual_exclusions([]))
task(id(121);cost(22);duration(60);in([[32:2]#[72:39]#[99:29509]#[108:17164]#[123:31]#[208:490]#[213:1547]#[243:211]#[352:10]#[361:8372]#[421:1083]#[430:575]#[503:60]#[506:4]#[515:5406]#[556:111]#[559:119]#[560:24]#[591:10]#[601:32]#[653:232]#[688:68]#[721:96]#[745:8650]#[755:318]#[766:7405]#[794:347]#[804:16]#[913:1188]#[914:319]#[923:5978]#[924:74954]#[936:8680]#[1031:8]#[1035:5182]#[1097:30]#[1103:34410]#[1166:11547]#[1206:825]#[1211:29461]#[1218:540]#[1232:20512]#[1273:935]#[1282:3250]#[1300:11111]#[1321:99]#[1335:1]#[1395:9]#[1400:10]#[1421:849]]);out([[911:82141]]);mutual_exclusions([]))
task(id(161);cost(47);duration(57);in([[32:31]#[108:68655]#[113:3258]#[114:34876]#[211:96598]#[259:162]#[276:580]#[307:4168]#[355:226]#[361:33487]#[368:54]#[408:949]#[418:253]#[442:1769]#[445:72]#[450:710]#[503:15]#[509:2171]#[538:668]#[559:238]#[560:3073]#[599:15279]#[686:292]#[687:9]#[705:8424]#[708:62]#[726:353]#[727:1660]#[731:8821]#[755:1]#[757:67]#[766:115]#[789:3]#[794:22]#[797:2438]#[804:32]#[835:30797]#[856:12478]#[911:642]#[914:5104]#[923:374]#[979:34]#[996:23154]#[1035:5183]#[1038:65]#[1085:17153]#[1106:29248]#[1225:4503]#[1262:1077]#[1282:203]#[1302:4412]#[1316:742]#[1321:399]#[1335:687]#[1347:201]#[1359:35312]#[1395:4547]#[1421:7]#[1456:523]#[1457:16562]#[1471:13018]]);out([[309:56778]#[395:40251]#[847:44295]]);mutual_exclusions([]))
task(id(130);cost(28);duration(57);in([[15:1449]#[32:3892]#[99:461]#[108:8582]#[123:62]#[208:2]#[243:2]#[296:3]#[352:1408]#[368:432]#[370:1]#[395:10063]#[396:642]#[400:3359]#[412:99073]#[449:2]#[450:22]#[503:61]#[531:1]#[538:2673]#[559:953]#[599:30558]#[601:1032]#[608:779]#[647:10]#[708:8062]#[710:8460]#[726:1414]#[727:1660]#[731:551]#[747:1801]#[755:1271]#[775:982]#[789:10]#[797:1219]#[799:4]#[804:16001]#[819:1025]#[826:13532]#[924:9369]#[936:34]#[957:3383]#[1044:1070]#[1103:17205]#[1206:1650]#[1220:428]#[1255:9]#[1261:407]#[1300:694]#[1335:21]#[1351:31]#[1372:534]#[1400:1287]#[1413:8374]#[1450:6611]#[1482:30716]]);out([[269:43159]#[902:142628]#[1084:131525]]);mutual_exclusions([]))
task(id(139);cost(46);duration(41);in([[72:77]#[84:11]#[113:6516]#[123:16]#[208:31]#[251:58885]#[264:6797]#[269:5395]#[395:5031]#[431:4]#[450:2838]#[503:1936]#[506:1]#[556:1776]#[591:19]#[601:516]#[610:134]#[616:830]#[662:492]#[665:6609]#[686:18715]#[705:16]#[710:8]#[727:13]#[731:17643]#[755:635]#[757:4283]#[766:3]#[775:983]#[804:250]#[819:32]#[911:40]#[913:2376]#[923:1494]#[924:4685]#[1000:9307]#[1031:17]#[1044:4282]#[1067:58469]#[1085:1072]#[1106:29]#[1140:552]#[1205:16133]#[1211:921]#[1218:34]#[1225:1]#[1251:35046]#[1254:82803]#[1276:560]#[1300:1389]#[1302:69]#[1351:4]#[1404:4672]]);out([[1027:70609]]);mutual_exclusions([]))
task(id(40);cost(24);duration(23);in([[71:1262]#[113:102]#[208:1960]#[217:2342]#[296:697]#[316:18]#[379:208]#[386:3421]#[390:14]#[395:20126]#[396:321]#[405:216]#[421:542]#[431:602]#[450:2]#[506:4608]#[538:1]#[556:111]#[559:1906]#[563:26]#[599:61115]#[661:575]#[705:263]#[708:504]#[726:11311]#[727:52]#[731:70570]#[747:1]#[766:7]#[789:1]#[794:11]#[799:921]#[804:8001]#[819:16]#[835:241]#[911:80]#[929:270]#[971:81]#[979:4386]#[1027:4413]#[1035:20]#[1038:16]#[1044:8564]#[1078:797]#[1106:229]#[1121:1326]#[1178:1155]#[1218:541]#[1262:269]#[1282:6500]#[1284:141]#[1313:1807]#[1314:17]#[1351:31]#[1392:15038]#[1438:36922]#[1471:52074]]);out([[613:88850]#[864:31786]]);mutual_exclusions([]))
task(id(181);cost(28);duration(52);in([[33:186]#[208:7841]#[213:386]#[217:9368]#[309:14195]#[396:10]#[421:271]#[431:75]#[449:6326]#[515:3]#[531:14584]#[560:384]#[610:2148]#[613:5553]#[661:9]#[665:52875]#[721:24456]#[743:35060]#[766:14]#[789:3]#[794:174]#[857:8643]#[902:8914]#[914:1]#[924:146]#[929:2]#[943:23011]#[1000:291]#[1021:17221]#[1027:35305]#[1080:123]#[1106:1]#[1140:4417]#[1181:578]#[1232:20512]#[1243:7907]#[1251:4381]#[1262:8622]#[1273:8]#[1276:8959]#[1284:1]#[1335:343]#[1404:1168]#[1407:13983]#[1421:1]]);out([[975:71550]#[1385:24411]#[1412:127420]]);mutual_exclusions([]))
task(id(145);cost(45);duration(59);in([[71:20]#[113:814]#[114:273]#[208:1960]#[217:146]#[235:16558]#[259:647]#[309:7097]#[361:2093]#[368:1726]#[396:160]#[405:13855]#[408:237]#[418:1012]#[421:8]#[431:2409]#[436:13453]#[445:145]#[495:13672]#[503:30978]#[509:68]#[515:5]#[538:11]#[540:72408]#[560:49161]#[574:22107]#[601:1032]#[610:67]#[647:77]#[653:58]#[686:37]#[699:14]#[705:33]#[726:88]#[727:3]#[775:123]#[819:64]#[856:1]#[913:594]#[924:18739]#[929:4327]#[979:1097]#[1021:8]#[1027:552]#[1106:14624]#[1164:18]#[1178:144]#[1181:72]#[1206:1649]#[1255:282]#[1261:203]#[1276:280]#[1300:695]#[1314:4163]#[1347:25705]#[1351:125]#[1385:3051]#[1407:3496]#[1450:206]]);out([[1159:54846]#[1394:32851]]);mutual_exclusions([]))
task(id(19);cost(59);duration(11);in([[32:1947]#[38:10]#[121:893]#[171:2024]#[213:387]#[243:845]#[309:28389]#[316:291]#[351:14]#[368:431]#[370:4]#[390:14807]#[396:2569]#[421:68]#[431:4819]#[445:18]#[450:45]#[503:968]#[509:136]#[515:2]#[559:238]#[560:6145]#[576:3751]#[600:56]#[607:252]#[656:21224]#[661:36]#[705:8]#[708:63]#[727:26]#[743:274]#[747:1]#[757:2]#[789:151]#[799:921]#[804:8000]#[835:15]#[870:90112]#[911:20535]#[936:542]#[998:1780]#[1035:10]#[1080:3928]#[1159:27423]#[1181:4629]#[1243:988]#[1261:1]#[1262:270]#[1273:1]#[1276:1120]#[1282:26]#[1300:2778]#[1302:551]#[1314:1041]#[1371:271]#[1392:470]#[1421:53]#[1456:32]]);out([[85:144442]#[187:74594]#[652:61693]]);mutual_exclusions([]))
task(id(214);cost(43);duration(32);in([[15:5798]#[33:2984]#[38:21]#[52:2221]#[71:19]#[84:43]#[87:144]#[109:44471]#[213:24758]#[269:10790]#[296:1]#[297:28935]#[352:22]#[379:26619]#[430:144]#[431:38551]#[438:16866]#[442:14149]#[450:1419]#[503:15]#[509:271]#[538:2673]#[559:7625]#[576:1875]#[591:303]#[652:15423]#[662:247]#[687:141]#[705:8]#[708:126]#[721:1]#[745:2162]#[747:7204]#[755:10]#[757:1]#[766:3702]#[797:610]#[826:423]#[827:234]#[911:2567]#[913:1188]#[971:5149]#[979:17545]#[1000:291]#[1027:137]#[1085:4288]#[1088:21057]#[1181:579]#[1205:3]#[1211:1841]#[1225:18009]#[1262:4311]#[1284:1126]#[1302:34]#[1321:12779]#[1347:803]#[1399:10049]#[1450:413]]);out([[697:66227]]);mutual_exclusions([]))
task(id(119);cost(89);duration(57);in([[32:3893]#[72:5]#[113:3]#[121:1]#[123:15]#[160:85371]#[171:1012]#[243:6756]#[351:909]#[361:262]#[368:13812]#[394:322]#[396:20]#[445:9247]#[449:790]#[509:4342]#[538:42]#[563:2]#[574:87]#[610:17]#[647:9797]#[662:493]#[665:26438]#[697:8278]#[726:11311]#[755:2]#[766:3702]#[775:62]#[826:6766]#[827:935]#[835:1]#[914:5]#[979:8773]#[998:28489]#[1027:276]#[1035:10]#[1084:131525]#[1085:2144]#[1121:21]#[1159:3428]#[1181:37032]#[1211:14]#[1214:10747]#[1218:8]#[1282:26]#[1300:87]#[1302:1]#[1347:12852]#[1351:1]#[1371:34744]#[1372:8552]#[1392:30075]#[1404:73]#[1407:6992]#[1450:3305]]);out([[484:80828]#[753:87242]#[1259:53251]]);mutual_exclusions([]))
task(id(155);cost(91);duration(15);in([[38:84]#[52:139]#[99:231]#[113:13]#[114:2]#[123:31]#[259:1]#[354:20513]#[381:80750]#[386:1]#[408:119]#[421:17]#[445:1156]#[449:1]#[491:690]#[506:18]#[547:4981]#[559:1906]#[560:24581]#[574:1381]#[601:4]#[610:8593]#[652:30847]#[688:68]#[708:32247]#[727:2]#[743:69]#[747:113]#[753:21811]#[755:2]#[757:1070]#[766:1851]#[775:62]#[826:1691]#[827:117]#[857:540]#[864:31786]#[902:17829]#[914:10]#[924:586]#[929:4]#[971:3]#[1021:1]#[1044:535]#[1106:114]#[1121:165]#[1140:70666]#[1178:18]#[1220:13]#[1262:8622]#[1276:140]#[1300:1]#[1321:100]#[1359:2207]#[1385:3051]#[1394:32851]#[1400:20]]);out([[1295:22341]]);mutual_exclusions([]))
task(id(115);cost(36);duration(17);in([[24:65209]#[37:35031]#[114:1090]#[153:442]#[208:1]#[259:1294]#[276:2318]#[296:348]#[355:4]#[386:855]#[400:26875]#[408:3796]#[421:17]#[442:7075]#[445:18494]#[531:14583]#[536:96]#[547:19927]#[563:1640]#[601:258]#[608:24]#[613:22212]#[705:2106]#[726:11311]#[727:1]#[747:225]#[755:10166]#[757:1071]#[804:8000]#[847:44295]#[856:48]#[879:49084]#[913:5]#[924:2342]#[936:543]#[1021:34442]#[1027:8826]#[1044:1070]#[1078:50]#[1085:536]#[1103:8602]#[1178:4]#[1211:7366]#[1218:1]#[1225:18009]#[1251:137]#[1255:563]#[1262:8]#[1295:11171]#[1314:16]#[1351:125]#[1392:940]#[1400:322]#[1421:212]#[1456:16]#[1471:25]]);out([[253:55420]#[618:71965]]);mutual_exclusions([]))
task(id(98);cost(51);duration(55);in([[33:746]#[37:9]#[38:335]#[84:1]#[113:13032]#[121:223]#[153:1769]#[208:4]#[269:2697]#[296:44]#[309:3548]#[355:902]#[368:1727]#[421:136]#[430:9197]#[449:12652]#[450:2837]#[531:7]#[538:10692]#[559:477]#[591:151]#[601:8]#[613:1388]#[618:8996]#[661:144]#[697:4139]#[699:105]#[705:66]#[710:17]#[727:26]#[745:2162]#[797:9752]#[819:8]#[826:54127]#[835:3849]#[913:297]#[936:8681]#[998:1781]#[1031:538]#[1035:10365]#[1038:8]#[1080:15]#[1106:7]#[1121:1]#[1181:9258]#[1206:3299]#[1255:2]#[1273:15]#[1282:3250]#[1300:5556]#[1302:4412]#[1335:43949]#[1471:1627]]);out([[406:133644]]);mutual_exclusions([]))
task(id(184);cost(97);duration(40);in([[32:244]#[52:8883]#[84:5]#[108:4291]#[113:26]#[259:10349]#[297:28934]#[352:704]#[361:16743]#[370:33017]#[374:53846]#[396:1]#[400:53750]#[406:33411]#[445:1156]#[449:395]#[515:1]#[599:3819]#[601:1033]#[613:11106]#[618:8996]#[647:306]#[661:4595]#[697:2069]#[727:104]#[753:21810]#[757:67]#[766:3703]#[775:983]#[789:4835]#[819:2051]#[826:3383]#[835:1925]#[856:195]#[924:293]#[975:71550]#[979:17]#[1021:33]#[1038:33]#[1044:4282]#[1051:8423]#[1078:6378]#[1181:9258]#[1205:2017]#[1211:58]#[1218:1082]#[1300:347]#[1347:3213]#[1372:1]#[1392:1880]#[1395:142]]);out([[174:149613]#[1061:64208]]);mutual_exclusions([]))
task(id(127);cost(88);duration(38);in([[15:1450]#[24:4076]#[33:5967]#[87:72]#[108:34327]#[153:28310]#[174:37404]#[187:74594]#[208:245]#[264:3398]#[276:4636]#[370:16509]#[404:3]#[421:17320]#[430:18]#[449:3163]#[450:5]#[531:3646]#[574:346]#[600:1]#[601:516]#[607:31]#[613:2777]#[616:6635]#[656:332]#[661:18383]#[697:2070]#[699:26]#[710:2]#[757:134]#[794:1]#[835:2]#[856:49]#[902:8914]#[923:6]#[924:73]#[929:8654]#[936:8680]#[979:17545]#[1038:522]#[1051:8422]#[1080:4]#[1140:17666]#[1164:35857]#[1166:180]#[1181:36]#[1205:1009]#[1206:6598]#[1218:1]#[1225:1]#[1251:34]#[1259:26626]#[1262:34488]#[1273:59]#[1295:2793]#[1300:11111]#[1313:3615]#[1321:400]#[1359:17656]#[1371:543]#[1372:1069]#[1392:7519]#[1404:146]#[1456:261]#[1471:51]]);out([[240:100107]]);mutual_exclusions([]))
task(id(58);cost(98);duration(24);in([[33:6]#[38:1]#[71:79]#[103:16092]#[113:13032]#[116:6889]#[171:8]#[234:26784]#[240:12513]#[269:21580]#[368:13812]#[408:1898]#[418:506]#[445:1]#[450:1419]#[503:242]#[515:2]#[538:10693]#[556:222]#[563:102]#[574:43]#[591:5]#[607:2]#[610:17185]#[647:612]#[688:69931]#[697:33114]#[710:4]#[721:1528]#[727:26]#[731:69]#[743:2191]#[747:3602]#[911:1283]#[957:423]#[971:2575]#[979:549]#[1000:291]#[1035:648]#[1051:2]#[1078:1]#[1103:4301]#[1121:5]#[1159:857]#[1178:4618]#[1206:1649]#[1211:14731]#[1218:9]#[1220:7]#[1273:29]#[1284:9]#[1313:14460]#[1314:4164]#[1321:399]#[1347:1]#[1351:16]#[1359:69]#[1372:17103]#[1400:5]#[1404:2336]#[1421:1]#[1450:103]]);out([[452:118410]#[836:113996]#[1057:43160]]);mutual_exclusions([]))
task(id(16);cost(32);duration(30);in([[38:21]#[84:172]#[123:988]#[153:885]#[208:7840]#[213:774]#[240:25027]#[296:697]#[361:4]#[368:1]#[370:1032]#[386:27]#[491:43]#[503:8]#[506:5]#[547:312]#[559:3813]#[574:86]#[591:76]#[601:2064]#[607:1]#[608:1557]#[647:19]#[652:15423]#[688:1093]#[699:26860]#[710:8460]#[745:4325]#[747:900]#[775:246]#[789:302]#[799:14]#[819:2051]#[826:106]#[835:1925]#[836:113996]#[856:3]#[857:1080]#[902:71314]#[914:2552]#[924:37477]#[1000:18614]#[1027:2207]#[1038:2088]#[1106:2]#[1126:46878]#[1211:3683]#[1218:136]#[1220:13696]#[1243:3954]#[1255:2251]#[1262:1]#[1282:13]#[1295:5585]#[1300:1388]#[1302:17]#[1335:2747]#[1372:2138]#[1392:235]#[1404:4672]#[1421:424]]);out([[578:75371]#[1431:137044]]);mutual_exclusions([]))
task(id(47);cost(37);duration(22);in([[87:18]#[99:14755]#[108:2145]#[276:1159]#[368:13]#[386:14]#[405:108]#[406:66822]#[431:1205]#[515:42]#[531:3646]#[536:383]#[556:444]#[574:43]#[599:7639]#[600:3]#[607:16128]#[616:26]#[653:29]#[656:42449]#[687:2]#[697:16557]#[708:16123]#[726:1414]#[727:3320]#[743:34]#[747:225]#[757:536]#[766:4]#[819:4]#[835:3850]#[911:321]#[914:1276]#[998:7122]#[1027:17652]#[1031:17220]#[1035:40]#[1057:43160]#[1106:2]#[1121:2652]#[1140:138]#[1211:7365]#[1225:281]#[1273:7]#[1276:2240]#[1282:13]#[1284:9007]#[1300:6]#[1314:16]#[1316:186]#[1329:22736]#[1351:7968]#[1371:2172]#[1404:1]#[1409:5629]#[1431:68522]#[1471:814]]);out([[517:102413]#[880:146706]#[1432:110157]]);mutual_exclusions([]))
task(id(38);cost(73);duration(50);in([[37:4]#[84:689]#[87:5]#[108:2145]#[171:253]#[213:6189]#[296:87]#[309:3549]#[368:108]#[370:258]#[380:23239]#[406:16706]#[408:7593]#[431:301]#[442:7]#[445:9]#[449:6326]#[452:59205]#[503:121]#[506:2304]#[515:338]#[536:3063]#[538:334]#[574:11053]#[591:4852]#[608:6230]#[653:7]#[665:207]#[699:420]#[705:33695]#[710:2115]#[726:2]#[747:57]#[755:20]#[789:151]#[827:29]#[902:35657]#[911:40]#[936:1]#[979:4]#[1035:5182]#[1038:8350]#[1103:4301]#[1106:457]#[1159:6856]#[1178:289]#[1211:230]#[1218:2]#[1243:988]#[1251:17523]#[1255:4]#[1259:26625]#[1261:2]#[1273:3737]#[1282:1624]#[1284:4503]#[1300:5556]#[1314:2081]#[1316:11862]#[1317:135673]#[1335:1373]#[1412:63710]#[1432:110157]#[1450:52]#[1494:63844]]);out([[732:74097]]);mutual_exclusions([]))
task(id(6);cost(19);duration(53);in([[15:46386]#[99:115]#[121:112]#[123:15802]#[153:14155]#[240:6257]#[253:55420]#[296:87]#[351:7]#[355:3608]#[368:863]#[370:16]#[390:3]#[406:16705]#[421:34641]#[431:19275]#[449:1]#[484:80828]#[491:172]#[506:288]#[538:1337]#[574:1]#[599:3820]#[616:52]#[647:39189]#[699:13]#[708:1008]#[710:132]#[726:5656]#[727:415]#[731:35285]#[732:37048]#[743:137]#[794:695]#[819:1025]#[827:8]#[835:120]#[911:160]#[1031:34440]#[1035:41]#[1038:4]#[1106:228]#[1140:2208]#[1159:1714]#[1220:54]#[1225:140]#[1282:1625]#[1284:140]#[1314:1]#[1316:741]#[1321:1597]#[1335:172]#[1359:552]#[1404:146]#[1412:31855]#[1421:3393]#[1450:6610]]);out([[278:75927]#[1248:123933]]);mutual_exclusions([]))
task(id(180);cost(49);duration(31);in([[72:2484]#[85:72221]#[87:36]#[113:2]#[123:1]#[240:6256]#[278:75927]#[379:416]#[380:23239]#[386:1]#[390:231]#[395:2515]#[418:8095]#[421:67]#[445:4624]#[449:3]#[509:1085]#[560:1536]#[574:11]#[576:1875]#[591:2426]#[600:450]#[616:415]#[687:18]#[688:2185]#[710:4230]#[721:3057]#[755:20333]#[799:7]#[819:2]#[827:14]#[835:4]#[857:17286]#[911:10268]#[924:1171]#[971:10297]#[979:35090]#[996:362]#[1027:138]#[1038:130]#[1044:535]#[1080:7856]#[1106:15]#[1166:2887]#[1181:18]#[1284:70]#[1295:349]#[1300:2778]#[1314:260]#[1321:50]#[1351:8]#[1385:6103]#[1392:3759]]);out([[9:116591]#[322:42501]#[741:66230]]);mutual_exclusions([]))
task(id(192);cost(77);duration(12);in([[9:116591]#[95:17009]#[113:26064]#[121:28575]#[174:74806]#[208:490]#[322:42501]#[370:33018]#[386:13682]#[390:4]#[408:4]#[421:135]#[436:13454]#[442:221]#[450:44]#[468:26]#[503:4]#[536:6125]#[547:19926]#[574:11054]#[578:75371]#[591:9704]#[601:17]#[607:8064]#[616:103]#[653:1]#[656:2653]#[661:36766]#[662:1]#[705:526]#[710:33841]#[726:89]#[727:1661]#[747:56]#[775:245]#[794:44]#[797:19504]#[799:1842]#[819:2050]#[827:4]#[835:7700]#[880:146706]#[911:41071]#[913:1188]#[914:2]#[923:1495]#[929:1082]#[1021:4306]#[1097:486]#[1121:10]#[1218:17]#[1225:70]#[1262:4311]#[1282:203]#[1295:349]#[1302:276]#[1351:3984]#[1385:12206]#[1404:18]#[1456:4182]#[1482:30716]]);out([[16:96883]#[524:117775]]);mutual_exclusions([]))
task(id(250);cost(58);duration(46);in([[16:96883]#[33:187]#[113:204]#[114:2180]#[174:37403]#[217:1171]#[276:9272]#[296:3]#[361:16743]#[386:13]#[395:2516]#[396:1]#[408:238]#[430:4]#[449:99]#[450:22]#[506:72]#[515:21]#[524:117775]#[531:1]#[536:2]#[538:2]#[556:888]#[559:119]#[600:1798]#[616:3317]#[618:17991]#[705:4212]#[726:3]#[727:830]#[732:37049]#[741:66230]#[755:40665]#[766:29]#[775:2]#[789:1209]#[819:2]#[856:1]#[857:4]#[913:9503]#[924:73]#[1021:34]#[1031:135]#[1038:4175]#[1051:16845]#[1121:42]#[1159:13711]#[1273:234]#[1282:6499]#[1295:698]#[1300:5]#[1321:799]#[1347:6426]#[1351:1992]#[1371:69489]#[1400:1]#[1404:9344]#[1421:848]#[1450:3305]#[1456:1]]);out([[519:37362]#[1369:48962]]);mutual_exclusions([]))
task(id(34);cost(34);duration(54);in([[32:121]#[33:6]#[85:36110]#[113:51]#[123:7901]#[259:81]#[264:1699]#[316:9323]#[396:2]#[400:105]#[421:1]#[445:144]#[515:1351]#[519:37362]#[531:3]#[538:167]#[574:172]#[591:607]#[618:35982]#[661:72]#[662:31]#[699:6715]#[710:33840]#[731:138]#[747:2]#[755:5]#[757:4283]#[766:14811]#[789:1]#[794:11]#[804:8]#[819:4]#[826:211]#[923:2989]#[996:181]#[1080:1964]#[1106:7]#[1164:1]#[1205:1]#[1211:7]#[1218:9]#[1255:35]#[1262:2155]#[1295:1396]#[1300:5555]#[1302:552]#[1314:130]#[1335:5]#[1351:498]#[1369:48962]#[1371:8686]#[1392:15037]#[1404:36]#[1407:3495]#[1412:15927]#[1421:53]#[1450:7]#[1456:8]#[1457:16562]#[1471:26037]]);out([[478:95805]]);mutual_exclusions([]))
task(id(117);cost(67);duration(46);in([[24:509]#[32:1946]#[37:4379]#[84:1]#[99:2]#[113:26064]#[153:221]#[264:1699]#[276:18545]#[296:11]#[368:216]#[390:29]#[394:1]#[404:2772]#[418:16190]#[445:9]#[449:3163]#[450:3]#[452:59205]#[478:95805]#[506:1]#[517:102413]#[563:6558]#[576:60013]#[591:76]#[600:7192]#[607:504]#[613:44425]#[653:14]#[662:62]#[710:16920]#[721:12228]#[727:1]#[743:4]#[753:43621]#[757:17]#[766:2]#[789:2]#[794:3]#[827:15]#[835:15398]#[913:148]#[1021:135]#[1061:64208]#[1078:12]#[1106:914]#[1159:857]#[1178:5]#[1225:1125]#[1248:123933]#[1251:8762]#[1255:1126]#[1261:13017]#[1262:134]#[1285:41546]#[1302:2206]#[1316:92]#[1351:249]#[1392:117]#[1404:2336]#[1421:2]#[1431:68522]#[1450:26]]);out([[621:47527]]);mutual_exclusions([]))
task(id(168);cost(43);duration(33);in([[24:1019]#[33:1492]#[85:36111]#[113:815]#[208:980]#[217:18735]#[234:26784]#[240:50054]#[259:1294]#[269:2697]#[338:30430]#[351:14]#[361:8371]#[368:432]#[386:214]#[400:840]#[418:126]#[421:1082]#[445:4623]#[449:3163]#[450:1]#[503:15490]#[506:2]#[531:228]#[538:10692]#[547:4982]#[559:7625]#[563:1]#[600:7]#[613:1389]#[621:47527]#[653:1852]#[662:986]#[665:413]#[699:3358]#[708:4031]#[721:48]#[731:276]#[789:19]#[794:87]#[826:106]#[911:5134]#[923:47]#[936:17361]#[996:2894]#[1027:1103]#[1035:81]#[1036:98566]#[1038:261]#[1047:4193]#[1051:16845]#[1121:10610]#[1178:36]#[1211:14730]#[1218:135]#[1229:55083]#[1243:1977]#[1251:274]#[1262:2]#[1282:102]#[1302:1103]#[1314:16654]#[1321:2]#[1347:6426]#[1351:996]#[1371:17372]#[1372:1]#[1392:30076]#[1407:55933]#[1412:15928]#[1421:1696]#[1450:13]#[1471:203]]);out([[1207:101090]#[1461:41516]]);mutual_exclusions([]))

****Arbitrary tasks****
task(id(44);cost(192);duration(55);in([[166:134538]#[205:132991]#[930:122171]#[1126:139894]#[1127:79053]]);out([[41:48237]]);mutual_exclusions([]))
task(id(11);cost(233);duration(169);in([[45:122019]#[832:55343]#[867:33065]#[1213:144093]#[1239:112466]]);out([[882:94642]]);mutual_exclusions([]))
task(id(71);cost(191);duration(74);in([[153:93317]#[204:21650]#[1374:44652]]);out([[565:56644]#[1415:95938]]);mutual_exclusions([]))
task(id(7);cost(68);duration(178);in([[159:143689]#[845:35579]]);out([[1094:110137]]);mutual_exclusions([]))
task(id(99);cost(203);duration(114);in([[1122:72546]#[1417:36993]]);out([[300:82979]]);mutual_exclusions([]))
task(id(95);cost(228);duration(110);in([[451:31644]#[506:102918]#[591:20349]#[685:48372]#[1103:34469]]);out([[349:20959]#[860:84059]#[1209:31815]]);mutual_exclusions([]))
task(id(104);cost(170);duration(172);in([[146:62749]#[546:23423]#[643:21989]#[648:148815]#[1012:93140]]);out([[777:94318]#[1425:64073]]);mutual_exclusions([]))
task(id(22);cost(256);duration(72);in([[101:84217]#[230:123293]#[350:34791]#[531:22959]#[1212:121847]]);out([[413:59559]#[846:121896]#[1432:58620]]);mutual_exclusions([]))
task(id(178);cost(254);duration(83);in([[613:93343]#[786:84925]]);out([[747:41076]#[770:74858]]);mutual_exclusions([]))
task(id(244);cost(161);duration(78);in([[450:67038]#[867:71463]#[1299:118465]]);out([[822:69394]]);mutual_exclusions([]))
task(id(80);cost(167);duration(121);in([[1172:72155]#[1185:145334]]);out([[566:100337]]);mutual_exclusions([]))
task(id(205);cost(193);duration(31);in([[848:44479]#[1421:86047]#[1430:139544]]);out([[15:114285]#[325:100075]#[814:93051]]);mutual_exclusions([]))
task(id(225);cost(65);duration(113);in([[521:143089]#[545:70908]#[1309:116733]]);out([[235:134277]#[921:104615]]);mutual_exclusions([]))
task(id(242);cost(46);duration(31);in([[65:55457]#[613:121070]#[726:144235]#[1050:134589]#[1253:61030]]);out([[293:65961]]);mutual_exclusions([]))
task(id(100);cost(190);duration(138);in([[134:116258]#[570:33836]#[748:93300]#[1138:98321]#[1319:74702]]);out([[769:148067]#[1056:57587]]);mutual_exclusions([]))
task(id(166);cost(273);duration(161);in([[371:66485]#[472:146422]#[713:18426]#[1082:122420]#[1100:43508]]);out([[873:42008]#[969:111201]]);mutual_exclusions([]))
task(id(216);cost(207);duration(140);in([[597:40410]#[619:24221]#[684:132635]#[1465:38994]]);out([[410:43810]#[417:124660]#[1288:130898]]);mutual_exclusions([]))
task(id(87);cost(191);duration(180);in([[922:141497]#[1333:126199]]);out([[987:43964]#[1010:146634]#[1242:64683]]);mutual_exclusions([]))
task(id(175);cost(268);duration(74);in([[679:97165]#[1217:69096]#[1239:127343]#[1280:126727]]);out([[302:35632]]);mutual_exclusions([]))
task(id(136);cost(295);duration(179);in([[285:111700]#[654:58682]#[1028:88403]]);out([[1370:63074]]);mutual_exclusions([]))
task(id(73);cost(122);duration(94);in([[621:115050]#[927:18602]#[1103:71654]#[1423:106706]]);out([[1136:140740]]);mutual_exclusions([]))
task(id(79);cost(217);duration(66);in([[292:92137]#[904:32731]#[1390:99814]]);out([[980:109314]]);mutual_exclusions([]))
task(id(59);cost(264);duration(55);in([[229:83711]#[433:125986]]);out([[379:81324]#[990:52175]#[1339:35187]]);mutual_exclusions([]))
task(id(4);cost(197);duration(157);in([[219:66454]#[247:74012]#[619:26783]#[759:128319]#[1232:112534]]);out([[435:105156]]);mutual_exclusions([]))
task(id(43);cost(48);duration(48);in([[80:24791]#[371:101111]#[1298:95666]#[1330:25845]]);out([[463:76187]]);mutual_exclusions([]))
task(id(164);cost(98);duration(170);in([[154:105471]#[699:76922]#[877:15252]#[979:118784]#[1002:21691]]);out([[57:55146]#[612:78183]]);mutual_exclusions([]))
task(id(224);cost(98);duration(180);in([[327:102445]#[574:107669]]);out([[165:18853]#[346:113249]#[431:57531]]);mutual_exclusions([]))
task(id(49);cost(127);duration(146);in([[537:82625]#[648:103287]#[677:16534]#[1351:133517]]);out([[532:73363]]);mutual_exclusions([]))
task(id(37);cost(299);duration(100);in([[830:98519]#[1101:126806]]);out([[28:32918]]);mutual_exclusions([]))
task(id(116);cost(130);duration(47);in([[156:85393]#[418:32239]#[677:19917]#[926:51055]]);out([[842:114455]#[1385:128664]]);mutual_exclusions([]))
task(id(210);cost(296);duration(65);in([[50:22166]#[310:88699]]);out([[212:104663]#[532:48060]]);mutual_exclusions([]))
task(id(92);cost(195);duration(83);in([[252:25929]#[289:94613]#[724:97727]#[1405:70710]]);out([[709:18289]]);mutual_exclusions([]))
task(id(105);cost(262);duration(42);in([[279:113567]#[366:105484]#[932:84991]#[1063:101145]]);out([[152:53282]]);mutual_exclusions([]))
task(id(227);cost(237);duration(49);in([[242:93611]#[682:56550]#[759:110031]#[995:72292]#[1299:43264]]);out([[1225:74778]]);mutual_exclusions([]))
task(id(113);cost(186);duration(114);in([[346:48040]#[441:79392]#[798:80424]#[1048:30437]#[1462:81642]]);out([[1164:108815]]);mutual_exclusions([]))
task(id(68);cost(273);duration(90);in([[173:65544]#[367:130287]#[601:85107]#[1461:62771]]);out([[569:116688]]);mutual_exclusions([]))
task(id(218);cost(94);duration(172);in([[780:123243]#[1056:53789]]);out([[1127:116114]]);mutual_exclusions([]))
task(id(247);cost(81);duration(135);in([[1278:76309]#[1472:87940]]);out([[468:136611]#[1347:130885]#[1440:149160]]);mutual_exclusions([]))
task(id(39);cost(110);duration(135);in([[935:42904]#[1049:85460]]);out([[906:137242]#[1487:119063]]);mutual_exclusions([]))
task(id(201);cost(169);duration(100);in([[244:126505]#[515:68441]]);out([[107:89138]#[1064:96251]#[1461:138128]]);mutual_exclusions([]))
task(id(229);cost(65);duration(67);in([[618:27014]#[968:42695]]);out([[20:103937]]);mutual_exclusions([]))
task(id(142);cost(151);duration(124);in([[379:78957]#[708:110054]]);out([[534:94703]#[1087:75387]#[1230:17104]]);mutual_exclusions([]))
task(id(179);cost(183);duration(60);in([[59:124145]#[267:102143]#[284:49293]#[455:24960]#[1198:120127]]);out([[830:47581]]);mutual_exclusions([]))
task(id(245);cost(129);duration(60);in([[57:20986]#[228:69078]#[322:48568]]);out([[624:41416]]);mutual_exclusions([]))
task(id(160);cost(125);duration(61);in([[431:31126]#[575:38017]#[703:73439]#[850:75306]#[1060:148914]]);out([[104:99518]#[356:40065]]);mutual_exclusions([]))
task(id(97);cost(114);duration(34);in([[461:136180]#[662:61829]#[1036:124202]#[1097:92273]#[1390:127270]]);out([[389:116549]#[740:60311]]);mutual_exclusions([]))
task(id(69);cost(128);duration(133);in([[499:41004]#[738:86618]#[781:94223]]);out([[565:79958]]);mutual_exclusions([]))
task(id(74);cost(80);duration(151);in([[565:113863]#[729:49914]]);out([[372:59954]#[648:70942]#[999:93945]]);mutual_exclusions([]))
task(id(183);cost(299);duration(83);in([[835:72935]#[933:53117]#[1154:16303]#[1412:55598]]);out([[228:149505]#[1418:15033]]);mutual_exclusions([]))
task(id(232);cost(246);duration(65);in([[10:101959]#[321:75523]#[1376:36702]]);out([[114:119296]#[277:128043]]);mutual_exclusions([]))
task(id(206);cost(282);duration(134);in([[169:31591]#[377:76006]#[992:73258]#[1377:32650]]);out([[781:102647]#[909:92202]#[1408:19934]]);mutual_exclusions([]))
task(id(13);cost(159);duration(53);in([[676:130525]#[845:127711]#[1056:82908]]);out([[151:16428]#[1096:97630]]);mutual_exclusions([]))
task(id(172);cost(198);duration(68);in([[31:82349]#[929:144173]#[1077:34505]#[1351:65307]]);out([[751:131636]#[783:19503]]);mutual_exclusions([]))
task(id(20);cost(67);duration(39);in([[448:110350]#[494:65027]#[832:63338]#[1157:87820]]);out([[839:119913]#[1060:55760]#[1294:63451]]);mutual_exclusions([]))
task(id(143);cost(173);duration(99);in([[601:33300]#[1083:138785]#[1325:132629]]);out([[583:125189]#[788:34526]]);mutual_exclusions([]))
task(id(61);cost(230);duration(82);in([[149:123041]#[1284:90809]]);out([[85:77503]]);mutual_exclusions([]))
task(id(27);cost(270);duration(152);in([[1:74953]#[107:137471]#[540:107791]#[1134:18846]#[1143:66429]]);out([[840:118653]#[1406:80493]]);mutual_exclusions([]))
task(id(54);cost(112);duration(70);in([[1128:140499]#[1137:92142]#[1191:16256]#[1196:42567]]);out([[81:72333]#[1488:34368]]);mutual_exclusions([]))
task(id(10);cost(135);duration(165);in([[281:63119]#[345:33364]#[713:139015]#[1008:103172]]);out([[436:15859]#[773:43336]#[1145:81548]]);mutual_exclusions([]))
task(id(159);cost(173);duration(67);in([[240:118373]#[450:63500]#[844:135824]#[980:94631]#[1275:29987]]);out([[840:36316]#[1296:66722]]);mutual_exclusions([]))
task(id(77);cost(296);duration(123);in([[667:108935]#[1337:75042]]);out([[208:17161]#[600:63435]]);mutual_exclusions([]))
task(id(41);cost(282);duration(125);in([[559:83352]#[598:120514]#[707:144757]]);out([[1088:21570]#[1102:93635]#[1296:16857]]);mutual_exclusions([]))
task(id(212);cost(77);duration(82);in([[434:115180]#[998:112493]#[1100:119954]]);out([[85:77970]#[783:75048]]);mutual_exclusions([]))
task(id(82);cost(217);duration(61);in([[186:62973]#[261:60085]#[538:39399]]);out([[621:82075]#[1115:82952]#[1116:46553]]);mutual_exclusions([]))
task(id(147);cost(240);duration(98);in([[176:43321]#[936:146229]#[1004:148163]]);out([[1070:82561]]);mutual_exclusions([]))
task(id(30);cost(66);duration(169);in([[47:50435]#[311:55603]#[419:145230]]);out([[308:118092]#[1078:149748]]);mutual_exclusions([]))
task(id(106);cost(256);duration(45);in([[250:78171]#[673:58422]#[767:52624]#[1247:49411]#[1386:141580]]);out([[371:27547]]);mutual_exclusions([]))
task(id(14);cost(235);duration(57);in([[823:92600]#[1064:101596]#[1216:29990]#[1475:99092]#[1484:38069]]);out([[380:48200]]);mutual_exclusions([]))
task(id(174);cost(288);duration(30);in([[224:88382]#[983:148714]]);out([[1102:86895]#[1229:51616]#[1278:138764]]);mutual_exclusions([]))
task(id(12);cost(86);duration(94);in([[108:128352]#[1194:52362]#[1321:91331]]);out([[791:126380]#[899:15128]#[1423:134983]]);mutual_exclusions([]))
task(id(163);cost(89);duration(159);in([[219:55154]#[702:112827]]);out([[260:148089]#[1377:67129]#[1431:120958]]);mutual_exclusions([]))
task(id(29);cost(133);duration(53);in([[201:113615]#[362:77395]#[819:49415]#[1219:22143]#[1345:51023]]);out([[229:79015]#[1204:100764]]);mutual_exclusions([]))
task(id(72);cost(54);duration(38);in([[1368:60534]#[1380:98525]]);out([[1489:148478]]);mutual_exclusions([]))
task(id(189);cost(144);duration(144);in([[19:145926]#[600:44823]#[737:23556]]);out([[155:94475]]);mutual_exclusions([]))
task(id(78);cost(108);duration(107);in([[273:118799]#[415:148238]#[1344:96173]]);out([[403:89663]#[940:100302]#[1229:118477]]);mutual_exclusions([]))
task(id(101);cost(162);duration(96);in([[198:92818]#[1430:115633]]);out([[392:32009]#[1258:78116]]);mutual_exclusions([]))
task(id(94);cost(61);duration(133);in([[53:63126]#[452:38106]#[1118:144982]]);out([[611:100481]#[654:49397]#[787:15972]]);mutual_exclusions([]))
task(id(3);cost(149);duration(105);in([[379:25404]#[778:17763]]);out([[483:30472]#[1047:18224]]);mutual_exclusions([]))
task(id(169);cost(127);duration(56);in([[278:106938]#[301:120672]#[715:38632]#[730:69516]#[1067:37573]]);out([[809:123178]#[1313:27337]]);mutual_exclusions([]))
task(id(158);cost(182);duration(136);in([[195:45737]#[482:21021]#[1089:124497]#[1185:55877]]);out([[417:19028]#[579:128157]]);mutual_exclusions([]))
task(id(65);cost(66);duration(162);in([[1407:32489]#[1447:122491]]);out([[312:147824]#[743:103869]]);mutual_exclusions([]))
task(id(165);cost(281);duration(60);in([[624:61951]#[736:70166]#[1132:147865]#[1228:88366]#[1490:133523]]);out([[1040:54504]]);mutual_exclusions([]))
task(id(125);cost(105);duration(59);in([[142:57860]#[896:116998]]);out([[736:84865]#[852:61587]]);mutual_exclusions([]))
task(id(93);cost(186);duration(71);in([[197:95294]#[340:76549]#[532:129174]#[839:109184]#[1464:47502]]);out([[636:74859]#[886:52325]]);mutual_exclusions([]))
task(id(141);cost(68);duration(32);in([[255:108420]#[547:135583]#[808:75516]#[972:139203]#[1012:105545]]);out([[814:35131]#[876:44073]]);mutual_exclusions([]))
task(id(131);cost(268);duration(127);in([[822:73595]#[972:44779]]);out([[720:36830]#[1459:64292]]);mutual_exclusions([]))
task(id(228);cost(211);duration(51);in([[178:83886]#[961:51545]#[996:74501]]);out([[1076:108683]]);mutual_exclusions([]))
task(id(56);cost(232);duration(90);in([[147:144199]#[1343:79765]#[1378:101536]]);out([[1221:36229]]);mutual_exclusions([]))
task(id(220);cost(189);duration(110);in([[413:134940]#[575:49575]#[576:71397]#[958:46715]#[1306:100471]]);out([[1128:89242]]);mutual_exclusions([]))
task(id(89);cost(295);duration(166);in([[297:89974]#[1466:140272]]);out([[493:48630]#[711:34941]]);mutual_exclusions([]))
task(id(57);cost(123);duration(90);in([[319:48432]#[340:92975]#[367:34433]#[679:132273]]);out([[465:26310]#[1228:131039]]);mutual_exclusions([]))
task(id(90);cost(291);duration(40);in([[940:133986]#[1344:33522]]);out([[236:117096]]);mutual_exclusions([]))
task(id(188);cost(123);duration(89);in([[370:32610]#[584:34230]]);out([[327:108338]#[511:38886]#[1482:105388]]);mutual_exclusions([]))
task(id(83);cost(109);duration(54);in([[12:129895]#[610:19454]]);out([[1125:60464]]);mutual_exclusions([]))
task(id(70);cost(142);duration(86);in([[35:85367]#[113:49571]#[141:38586]#[412:86362]]);out([[520:53990]#[907:58052]#[1158:19517]]);mutual_exclusions([]))
task(id(171);cost(269);duration(120);in([[316:100478]#[540:41084]#[1338:106666]#[1459:118094]]);out([[51:90318]]);mutual_exclusions([]))
task(id(185);cost(230);duration(53);in([[840:88442]#[968:53685]#[1159:87846]]);out([[139:84261]#[404:21896]]);mutual_exclusions([]))
task(id(190);cost(205);duration(98);in([[48:40961]#[155:68498]#[772:114637]#[938:128571]#[993:40155]]);out([[386:147840]#[1160:19371]]);mutual_exclusions([]))
task(id(86);cost(200);duration(170);in([[1055:123068]#[1064:80014]]);out([[1436:42161]]);mutual_exclusions([]))
task(id(85);cost(263);duration(58);in([[82:24575]#[713:115402]#[951:136825]#[1100:93243]#[1320:47959]]);out([[1106:106275]]);mutual_exclusions([]))

****Solution****
Process:
"[176,239,67,241,234,153,197,25,132,235,21,123,134,102,236,18,31,187,108,167,32,198,120,237,122,173,243,60,231,191,55,23,62,196,35,51,144,146,66,110,15,103,222,162,193,150,238,208,33,149,230,154,50,203,133,213,107,135,42,91,96,64,195,48,36,199,26,2,246,84,249,148,194,209,200,240,215,223,138,204,226,17,28,112,170,52,202,152,1,75,177,111,88,156,233,151,76,124,53,219,109,137,24,126,217,81,248,114,5,211,118,129,140,182,63,157,186,128,8,221,46,45,207,9,121,161,130,139,40,181,145,19,214,119,155,115,98,184,127,58,16,47,38,6,180,192,250,34,117,168]"
Conectivity:
"[(117,168),(168,-2),(-1,176),(176,239),(239,67),(67,241),(176,241),(176,234),(241,234),(176,153),(239,153),(234,153),(153,197),(176,25),(197,25),(153,25),(234,25),(67,132),(25,132),(241,132),(234,132),(197,235),(25,235),(132,235),(239,235),(176,21),(67,21),(239,21),(235,21),(25,21),(234,21),(21,123),(67,123),(239,123),(176,134),(21,134),(67,134),(197,134),(123,134),(239,134),(25,134),(153,134),(132,134),(235,134),(21,102),(235,102),(25,102),(241,102),(134,102),(153,102),(234,102),(176,236),(21,236),(241,236),(102,236),(153,236),(67,18),(176,18),(239,18),(21,18),(236,18),(241,18),(153,18),(123,18),(235,18),(102,18),(176,31),(197,31),(21,31),(123,31),(239,31),(18,31),(241,31),(134,31),(153,31),(132,31),(235,31),(102,31),(234,31),(176,187),(239,187),(236,187),(31,187),(18,187),(132,187),(235,187),(234,187),(187,108),(236,108),(25,108),(241,108),(134,108),(153,108),(234,108),(108,167),(239,167),(236,167),(25,167),(31,167),(241,167),(132,167),(102,167),(234,167),(176,32),(108,32),(21,32),(167,32),(18,32),(153,32),(132,32),(235,32),(239,32),(167,198),(21,198),(236,198),(123,198),(32,198),(132,198),(235,198),(67,120),(21,120),(187,120),(108,120),(167,120),(236,120),(134,120),(198,120),(123,120),(235,120),(239,120),(102,120),(67,237),(108,237),(187,237),(21,237),(167,237),(236,237),(235,237),(123,237),(120,237),(32,237),(25,237),(31,237),(18,237),(241,237),(134,237),(234,237),(176,122),(197,122),(187,122),(236,122),(123,122),(25,122),(237,122),(176,173),(197,173),(167,173),(236,173),(239,173),(25,173),(122,173),(153,173),(123,173),(32,173),(132,173),(235,173),(237,173),(21,243),(187,243),(197,243),(120,243),(167,243),(236,243),(122,243),(173,243),(241,243),(153,243),(102,243),(243,60),(67,60),(176,60),(187,60),(21,60),(120,60),(239,60),(32,60),(153,60),(31,60),(102,60),(234,60),(176,231),(21,231),(236,231),(235,231),(31,231),(18,231),(134,231),(60,231),(120,231),(153,231),(123,231),(237,231),(67,191),(176,191),(60,191),(187,191),(120,191),(167,191),(239,191),(122,191),(18,191),(231,191),(134,191),(123,191),(31,191),(235,191),(122,55),(239,55),(108,55),(25,55),(231,55),(241,55),(134,55),(191,55),(123,55),(237,55),(102,55),(60,23),(187,23),(108,23),(235,23),(239,23),(25,23),(122,23),(231,23),(241,23),(198,23),(153,23),(123,23),(32,23),(132,23),(31,23),(102,23),(55,23),(234,23),(21,62),(67,62),(239,62),(197,62),(108,62),(235,62),(123,62),(32,62),(25,62),(134,62),(173,62),(241,62),(23,62),(31,62),(237,62),(102,62),(191,62),(55,62),(122,62),(243,196),(108,196),(187,196),(235,196),(25,196),(173,196),(62,196),(191,196),(132,196),(102,196),(55,196),(234,196),(243,35),(176,35),(21,35),(122,35),(67,35),(187,35),(197,35),(108,35),(239,35),(196,35),(62,35),(231,35),(134,35),(31,35),(21,51),(167,51),(187,51),(197,51),(236,51),(120,51),(196,51),(122,51),(18,51),(62,51),(231,51),(198,51),(23,51),(132,51),(237,51),(35,51),(176,144),(60,144),(187,144),(21,144),(167,144),(235,144),(239,144),(120,144),(196,144),(122,144),(18,144),(51,144),(62,144),(231,144),(134,144),(198,144),(23,144),(132,144),(55,144),(234,144),(243,146),(176,146),(60,146),(122,146),(187,146),(21,146),(167,146),(236,146),(123,146),(120,146),(196,146),(32,146),(18,146),(144,146),(198,146),(191,146),(102,146),(35,146),(234,146),(237,66),(122,66),(108,66),(146,66),(197,66),(120,66),(235,66),(239,66),(196,66),(18,66),(51,66),(173,66),(231,66),(153,66),(31,66),(35,66),(234,66),(176,110),(236,110),(66,110),(239,110),(31,110),(122,110),(173,110),(241,110),(144,110),(198,110),(60,110),(237,110),(243,15),(176,15),(122,15),(187,15),(197,15),(120,15),(236,15),(239,15),(196,15),(31,15),(18,15),(51,15),(134,15),(23,15),(110,15),(191,15),(15,103),(176,103),(25,103),(18,103),(62,103),(241,103),(146,103),(23,103),(102,103),(35,103),(234,103),(243,222),(108,222),(103,222),(239,222),(197,222),(236,222),(66,222),(120,222),(25,222),(18,222),(51,222),(231,222),(144,222),(134,222),(60,222),(146,222),(23,222),(132,222),(35,222),(234,222),(241,222),(110,222),(176,162),(60,162),(67,162),(187,162),(108,162),(236,162),(66,162),(25,162),(51,162),(173,162),(241,162),(134,162),(102,162),(23,162),(222,162),(132,162),(235,162),(231,162),(35,162),(67,193),(15,193),(176,193),(122,193),(32,193),(162,193),(167,193),(236,193),(66,193),(31,193),(18,193),(51,193),(62,193),(231,193),(222,193),(153,193),(110,193),(123,193),(102,193),(55,193),(35,193),(234,193),(21,150),(122,150),(197,150),(103,150),(187,150),(108,150),(167,150),(236,150),(66,150),(120,150),(196,150),(173,150),(231,150),(23,150),(132,150),(193,150),(191,150),(35,150),(21,238),(150,238),(197,238),(167,238),(236,238),(120,238),(32,238),(25,238),(122,238),(18,238),(134,238),(51,238),(62,238),(241,238),(60,238),(146,238),(222,238),(123,238),(132,238),(237,238),(102,238),(55,238),(122,208),(67,208),(197,208),(236,208),(235,208),(123,208),(32,208),(31,208),(110,208),(18,208),(62,208),(231,208),(241,208),(146,208),(23,208),(191,208),(153,208),(132,208),(238,208),(15,208),(55,208),(35,208),(234,208),(176,33),(67,33),(197,33),(167,33),(236,33),(235,33),(239,33),(193,33),(173,33),(62,33),(231,33),(102,33),(134,33),(198,33),(23,33),(222,33),(162,33),(191,33),(103,33),(237,33),(55,33),(208,33),(35,33),(234,33),(21,149),(33,149),(108,149),(103,149),(55,149),(236,149),(235,149),(123,149),(31,149),(122,149),(62,149),(231,149),(23,149),(222,149),(150,149),(153,149),(193,149),(208,149),(234,149),(67,230),(176,230),(21,230),(33,230),(150,230),(197,230),(167,230),(236,230),(239,230),(120,230),(196,230),(32,230),(18,230),(51,230),(173,230),(149,230),(241,230),(198,230),(222,230),(162,230),(191,230),(153,230),(132,230),(66,230),(31,230),(237,230),(15,230),(102,230),(35,230),(243,154),(21,154),(187,154),(238,154),(197,154),(120,154),(230,154),(236,154),(66,154),(122,154),(62,154),(231,154),(241,154),(198,154),(146,154),(23,154),(191,154),(32,154),(132,154),(31,154),(237,154),(35,154),(243,50),(15,50),(176,50),(21,50),(122,50),(187,50),(146,50),(197,50),(167,50),(230,50),(123,50),(239,50),(196,50),(25,50),(31,50),(51,50),(154,50),(173,50),(231,50),(134,50),(144,50),(23,50),(222,50),(132,50),(193,50),(238,50),(237,50),(102,50),(243,203),(176,203),(60,203),(122,203),(103,203),(187,203),(239,203),(108,203),(167,203),(230,203),(66,203),(110,203),(18,203),(51,203),(198,203),(50,203),(134,203),(146,203),(222,203),(153,203),(15,203),(208,203),(35,203),(234,203),(150,133),(187,133),(167,133),(236,133),(235,133),(110,133),(18,133),(51,133),(173,133),(62,133),(134,133),(146,133),(23,133),(222,133),(153,133),(132,133),(238,133),(203,133),(55,133),(35,133),(234,133),(241,133),(243,213),(21,213),(108,213),(234,213),(103,213),(197,213),(123,213),(196,213),(25,213),(173,213),(62,213),(149,213),(146,213),(23,213),(110,213),(132,213),(193,213),(235,213),(133,213),(203,213),(15,213),(55,213),(208,213),(243,107),(108,107),(213,107),(146,107),(236,107),(235,107),(123,107),(66,107),(120,107),(25,107),(62,107),(231,107),(198,107),(134,107),(222,107),(162,107),(150,107),(32,107),(132,107),(203,107),(107,135),(33,135),(62,135),(67,135),(103,135),(187,135),(21,135),(230,135),(236,135),(235,135),(239,135),(120,135),(25,135),(18,135),(51,135),(154,135),(173,135),(231,135),(241,135),(144,135),(50,135),(60,135),(222,135),(153,135),(213,135),(132,135),(193,135),(133,135),(102,135),(55,135),(208,135),(35,135),(243,42),(15,42),(60,42),(122,42),(67,42),(135,42),(197,42),(120,42),(230,42),(236,42),(235,42),(239,42),(18,42),(51,42),(173,42),(241,42),(144,42),(198,42),(146,42),(222,42),(162,42),(153,42),(132,42),(237,42),(35,42),(243,91),(67,91),(176,91),(103,91),(213,91),(146,91),(197,91),(120,91),(167,91),(230,91),(236,91),(66,91),(239,91),(60,91),(51,91),(134,91),(144,91),(102,91),(198,91),(23,91),(110,91),(32,91),(193,91),(238,91),(237,91),(15,91),(42,91),(234,91),(67,96),(108,96),(213,96),(135,96),(230,96),(236,96),(120,96),(196,96),(32,96),(33,96),(110,96),(51,96),(154,96),(173,96),(231,96),(134,96),(107,96),(198,96),(146,96),(23,96),(222,96),(162,96),(132,96),(91,96),(31,96),(238,96),(235,96),(42,96),(243,64),(67,64),(33,64),(150,64),(230,64),(236,64),(235,64),(66,64),(239,64),(193,64),(96,64),(51,64),(231,64),(149,64),(134,64),(50,64),(222,64),(120,64),(110,64),(32,64),(31,64),(133,64),(15,64),(234,64),(42,64),(243,195),(107,195),(21,195),(103,195),(187,195),(146,195),(197,195),(108,195),(167,195),(32,195),(42,195),(18,195),(154,195),(173,195),(62,195),(64,195),(149,195),(241,195),(144,195),(222,195),(162,195),(135,195),(191,195),(153,195),(132,195),(237,195),(55,195),(62,48),(150,48),(187,48),(197,48),(108,48),(230,48),(236,48),(195,48),(120,48),(31,48),(231,48),(241,48),(107,48),(50,48),(222,48),(135,48),(153,48),(193,48),(91,48),(64,48),(238,48),(203,48),(15,48),(102,48),(55,48),(132,48),(35,48),(243,36),(238,36),(33,36),(167,36),(103,36),(213,36),(135,36),(239,36),(197,36),(108,36),(230,36),(235,36),(48,36),(25,36),(173,36),(62,36),(241,36),(50,36),(134,36),(198,36),(146,36),(162,36),(110,36),(237,36),(191,36),(35,36),(15,199),(238,199),(176,199),(21,199),(60,199),(150,199),(108,199),(187,199),(162,199),(135,199),(236,199),(239,199),(48,199),(25,199),(36,199),(42,199),(110,199),(96,199),(18,199),(154,199),(173,199),(241,199),(102,199),(134,199),(146,199),(23,199),(222,199),(191,199),(153,199),(237,199),(133,199),(231,199),(243,26),(238,26),(21,26),(33,26),(199,26),(135,26),(196,26),(25,26),(36,26),(122,26),(110,26),(18,26),(51,26),(62,26),(231,26),(149,26),(241,26),(222,26),(153,26),(123,26),(213,26),(132,26),(133,26),(203,26),(102,26),(55,26),(208,26),(108,26),(243,2),(176,2),(21,2),(122,2),(150,2),(197,2),(103,2),(187,2),(162,2),(135,2),(239,2),(120,2),(66,2),(196,2),(193,2),(96,2),(18,2),(51,2),(173,2),(149,2),(198,2),(134,2),(60,2),(32,2),(64,2),(237,2),(203,2),(102,2),(42,2),(26,2),(208,2),(222,2),(176,246),(21,246),(122,246),(203,246),(67,246),(103,246),(199,246),(239,246),(197,246),(120,246),(167,246),(230,246),(123,246),(31,246),(193,246),(42,246),(2,246),(154,246),(231,246),(198,246),(60,246),(23,246),(162,246),(213,246),(235,246),(191,246),(26,246),(208,246),(35,246),(243,84),(67,84),(238,84),(193,84),(176,84),(246,84),(167,84),(203,84),(103,84),(135,84),(26,84),(120,84),(236,84),(123,84),(25,84),(36,84),(96,84),(154,84),(149,84),(144,84),(198,84),(50,84),(150,84),(110,84),(32,84),(213,84),(132,84),(64,84),(237,84),(133,84),(15,84),(191,84),(208,84),(35,84),(167,249),(108,249),(67,249),(31,249),(187,249),(26,249),(21,249),(120,249),(230,249),(235,249),(66,249),(48,249),(196,249),(84,249),(36,249),(96,249),(173,249),(134,249),(60,249),(153,249),(32,249),(91,249),(237,249),(102,249),(208,249),(243,148),(238,148),(167,148),(146,148),(26,148),(21,148),(230,148),(236,148),(195,148),(48,148),(196,148),(25,148),(249,148),(42,148),(2,148),(154,148),(173,148),(62,148),(149,148),(246,148),(60,148),(135,148),(191,148),(153,148),(91,148),(31,148),(133,148),(235,148),(102,148),(208,148),(243,194),(167,194),(67,194),(187,194),(55,194),(148,194),(239,194),(197,194),(21,194),(120,194),(230,194),(84,194),(25,194),(31,194),(249,194),(96,194),(18,194),(2,194),(51,194),(154,194),(62,194),(198,194),(150,194),(162,194),(64,194),(133,194),(191,194),(42,194),(26,194),(208,194),(234,194),(107,209),(21,209),(67,209),(146,209),(199,209),(239,209),(197,209),(236,209),(123,209),(195,209),(66,209),(84,209),(36,209),(33,209),(23,209),(222,209),(194,209),(153,209),(91,209),(238,209),(203,209),(55,209),(231,209),(26,209),(234,209),(203,200),(103,200),(144,200),(21,200),(209,200),(48,200),(120,200),(25,200),(249,200),(96,200),(18,200),(62,200),(149,200),(241,200),(50,200),(60,200),(23,200),(110,200),(91,200),(31,200),(237,200),(102,200),(15,240),(176,240),(246,240),(122,240),(167,240),(187,240),(197,240),(230,240),(32,240),(200,240),(25,240),(249,240),(33,240),(42,240),(51,240),(173,240),(64,240),(241,240),(134,240),(144,240),(198,240),(222,240),(148,240),(153,240),(84,240),(193,240),(237,240),(133,240),(102,240),(191,240),(55,240),(35,240),(243,215),(107,215),(246,215),(122,215),(103,215),(187,215),(162,215),(199,215),(120,215),(167,215),(123,215),(66,215),(84,215),(33,215),(42,215),(60,215),(240,215),(2,215),(51,215),(149,215),(50,215),(148,215),(153,215),(110,215),(132,215),(91,215),(64,215),(203,215),(15,215),(102,215),(55,215),(35,215),(234,215),(176,223),(122,223),(150,223),(203,223),(103,223),(146,223),(135,223),(148,223),(197,223),(209,223),(167,223),(236,223),(195,223),(48,223),(200,223),(84,223),(25,223),(33,223),(96,223),(18,223),(240,223),(154,223),(241,223),(107,223),(246,223),(50,223),(60,223),(194,223),(153,223),(110,223),(193,223),(66,223),(64,223),(133,223),(15,223),(102,223),(191,223),(199,223),(215,223),(35,223),(246,138),(167,138),(187,138),(238,138),(199,138),(148,138),(108,138),(209,138),(120,138),(223,138),(200,138),(25,138),(33,138),(42,138),(96,138),(240,138),(51,138),(154,138),(173,138),(231,138),(241,138),(50,138),(198,138),(146,138),(23,138),(222,138),(162,138),(150,138),(32,138),(208,138),(234,138),(107,204),(15,204),(193,204),(60,204),(187,204),(213,204),(135,204),(138,204),(120,204),(230,204),(66,204),(196,204),(223,204),(200,204),(84,204),(25,204),(240,204),(62,204),(149,204),(198,204),(162,204),(91,204),(237,204),(133,204),(203,204),(55,204),(215,204),(243,226),(107,226),(176,226),(60,226),(122,226),(108,226),(67,226),(103,226),(187,226),(138,226),(26,226),(199,226),(239,226),(197,226),(204,226),(235,226),(66,226),(223,226),(84,226),(36,226),(96,226),(240,226),(173,226),(62,226),(231,226),(149,226),(144,226),(50,226),(134,226),(23,226),(222,226),(195,226),(150,226),(191,226),(194,226),(32,226),(213,226),(91,226),(64,226),(237,226),(203,226),(15,226),(102,226),(42,226),(208,226),(215,226),(35,226),(238,17),(176,17),(33,17),(60,17),(226,17),(67,17),(187,17),(199,17),(236,17),(235,17),(123,17),(239,17),(223,17),(200,17),(249,17),(18,17),(154,17),(231,17),(241,17),(134,17),(198,17),(50,17),(23,17),(150,17),(194,17),(153,17),(66,17),(31,17),(237,17),(133,17),(203,17),(15,17),(42,17),(208,17),(35,17),(15,28),(67,28),(187,28),(146,28),(162,28),(138,28),(209,28),(26,28),(2,28),(154,28),(62,28),(149,28),(144,28),(246,28),(50,28),(198,28),(17,28),(60,28),(23,28),(222,28),(194,28),(153,28),(123,28),(132,28),(133,28),(208,28),(35,28),(122,28),(176,112),(187,112),(146,112),(239,112),(204,112),(66,112),(120,112),(84,112),(25,112),(110,112),(154,112),(173,112),(62,112),(28,112),(246,112),(50,112),(134,112),(18,112),(162,112),(135,112),(123,112),(91,112),(64,112),(238,112),(235,112),(237,112),(55,112),(42,112),(35,112),(246,170),(167,170),(187,170),(112,170),(146,170),(138,170),(26,170),(239,170),(230,170),(123,170),(48,170),(120,170),(196,170),(84,170),(96,170),(240,170),(64,170),(149,170),(28,170),(241,170),(144,170),(50,170),(198,170),(238,170),(237,170),(102,170),(42,170),(208,170),(215,170),(35,170),(15,52),(226,52),(187,52),(146,52),(138,52),(197,52),(21,52),(209,52),(230,52),(236,52),(196,52),(84,52),(25,52),(36,52),(170,52),(110,52),(96,52),(18,52),(51,52),(173,52),(62,52),(134,52),(198,52),(17,52),(23,52),(148,52),(153,52),(32,52),(132,52),(193,52),(238,52),(235,52),(203,52),(102,52),(191,52),(55,52),(42,52),(215,52),(107,202),(15,202),(21,202),(226,202),(167,202),(17,202),(138,202),(199,202),(148,202),(209,202),(230,202),(235,202),(52,202),(196,202),(32,202),(84,202),(36,202),(112,202),(42,202),(51,202),(173,202),(62,202),(149,202),(28,202),(144,202),(246,202),(50,202),(198,202),(222,202),(150,202),(240,202),(132,202),(91,202),(237,202),(191,202),(215,202),(35,202),(234,202),(237,152),(150,152),(103,152),(187,152),(138,152),(239,152),(21,152),(167,152),(123,152),(52,152),(66,152),(48,152),(196,152),(36,152),(112,152),(122,152),(42,152),(18,152),(173,152),(62,152),(231,152),(144,152),(134,152),(17,152),(23,152),(194,152),(132,152),(91,152),(31,152),(238,152),(235,152),(133,152),(202,152),(26,152),(35,152),(234,152),(243,1),(176,1),(21,1),(33,1),(167,1),(103,1),(187,1),(146,1),(138,1),(197,1),(209,1),(235,1),(195,1),(223,1),(25,1),(193,1),(96,1),(154,1),(173,1),(231,1),(149,1),(241,1),(50,1),(134,1),(198,1),(17,1),(60,1),(18,1),(162,1),(135,1),(191,1),(110,1),(32,1),(213,1),(132,1),(152,1),(55,1),(-1,75),(150,75),(167,75),(108,75),(103,75),(17,75),(1,75),(199,75),(239,75),(230,75),(236,75),(52,75),(66,75),(-1,75),(112,75),(48,75),(36,75),(170,75),(33,75),(96,75),(18,75),(240,75),(2,75),(51,75),(173,75),(149,75),(28,75),(241,75),(198,75),(50,75),(60,75),(146,75),(23,75),(222,75),(194,75),(32,75),(193,75),(91,75),(237,75),(203,75),(102,75),(191,75),(202,75),(208,75),(35,75),(67,177),(15,177),(238,177),(197,177),(103,177),(1,177),(138,177),(239,177),(204,177),(230,177),(195,177),(52,177),(21,177),(196,177),(193,177),(249,177),(33,177),(110,177),(96,177),(240,177),(2,177),(51,177),(154,177),(173,177),(62,177),(149,177),(241,177),(144,177),(198,177),(17,177),(148,177),(194,177),(132,177),(91,177),(75,177),(235,177),(133,177),(203,177),(152,177),(191,177),(222,177),(215,177),(234,177),(67,111),(238,111),(176,111),(21,111),(122,111),(177,111),(1,111),(146,111),(162,111),(138,111),(209,111),(235,111),(193,111),(33,111),(240,111),(2,111),(51,111),(173,111),(62,111),(64,111),(28,111),(198,111),(223,111),(222,111),(18,111),(194,111),(31,111),(15,111),(102,111),(55,111),(170,111),(241,111),(67,88),(15,88),(176,88),(226,88),(167,88),(213,88),(162,88),(135,88),(199,88),(204,88),(52,88),(112,88),(196,88),(223,88),(200,88),(84,88),(249,88),(42,88),(18,88),(51,88),(154,88),(173,88),(231,88),(28,88),(241,88),(50,88),(134,88),(150,88),(194,88),(111,88),(132,88),(193,88),(64,88),(31,88),(235,88),(133,88),(152,88),(102,88),(191,88),(208,88),(35,88),(234,88),(60,156),(1,156),(213,156),(146,156),(135,156),(197,156),(120,156),(52,156),(66,156),(223,156),(111,156),(110,156),(2,156),(51,156),(154,156),(173,156),(64,156),(28,156),(241,156),(246,156),(17,156),(88,156),(23,156),(195,156),(148,156),(191,156),(177,156),(123,156),(32,156),(193,156),(91,156),(238,156),(237,156),(133,156),(203,156),(152,156),(15,156),(202,156),(42,156),(243,233),(15,233),(60,233),(122,233),(67,233),(187,233),(146,233),(1,233),(138,233),(26,233),(108,233),(230,233),(52,233),(107,233),(48,233),(196,233),(32,233),(223,233),(25,233),(36,233),(42,233),(2,233),(173,233),(231,233),(64,233),(28,233),(241,233),(144,233),(198,233),(246,233),(50,233),(222,233),(148,233),(194,233),(123,233),(213,233),(132,233),(91,233),(237,233),(203,233),(156,233),(55,233),(202,233),(234,233),(243,151),(238,151),(33,151),(103,151),(187,151),(146,151),(209,151),(204,151),(230,151),(195,151),(66,151),(239,151),(112,151),(196,151),(32,151),(223,151),(200,151),(25,151),(31,151),(193,151),(249,151),(111,151),(233,151),(240,151),(2,151),(51,151),(62,151),(231,151),(28,151),(134,151),(198,151),(50,151),(60,151),(23,151),(191,151),(177,151),(75,151),(133,151),(203,151),(102,151),(202,151),(26,151),(215,151),(243,76),(107,76),(176,76),(21,76),(122,76),(167,76),(67,76),(26,76),(197,76),(108,76),(156,76),(112,76),(120,76),(32,76),(25,76),(151,76),(170,76),(249,76),(96,76),(18,76),(51,76),(154,76),(231,76),(149,76),(241,76),(134,76),(50,76),(198,76),(17,76),(177,76),(23,76),(222,76),(191,76),(110,76),(1,76),(132,76),(213,76),(31,76),(75,76),(237,76),(203,76),(152,76),(15,76),(102,76),(55,76),(42,76),(208,76),(199,76),(215,76),(35,76),(67,124),(238,124),(33,124),(226,124),(108,124),(76,124),(144,124),(1,124),(199,124),(239,124),(197,124),(204,124),(230,124),(236,124),(195,124),(52,124),(66,124),(196,124),(36,124),(112,124),(42,124),(18,124),(2,124),(51,124),(62,124),(149,124),(28,124),(241,124),(134,124),(107,124),(198,124),(17,124),(88,124),(222,124),(162,124),(135,124),(191,124),(177,124),(91,124),(133,124),(152,124),(102,124),(55,124),(26,124),(208,124),(215,124),(238,53),(176,53),(88,53),(150,53),(1,53),(67,53),(187,53),(199,53),(124,53),(21,53),(204,53),(230,53),(236,53),(123,53),(239,53),(48,53),(223,53),(200,53),(233,53),(84,53),(193,53),(249,53),(42,53),(240,53),(2,53),(231,53),(144,53),(198,53),(177,53),(222,53),(135,53),(148,53),(153,53),(213,53),(132,53),(103,53),(152,53),(202,53),(215,53),(234,53),(243,219),(238,219),(167,219),(76,219),(1,219),(103,219),(187,219),(213,219),(146,219),(197,219),(108,219),(21,219),(209,219),(204,219),(230,219),(235,219),(52,219),(66,219),(48,219),(196,219),(200,219),(151,219),(193,219),(122,219),(233,219),(53,219),(110,219),(18,219),(240,219),(51,219),(154,219),(62,219),(64,219),(241,219),(144,219),(223,219),(23,219),(150,219),(194,219),(153,219),(123,219),(124,219),(133,219),(15,219),(102,219),(55,219),(202,219),(215,219),(170,219),(219,109),(243,109),(226,109),(62,109),(26,109),(199,109),(239,109),(233,109),(167,109),(204,109),(230,109),(236,109),(48,109),(120,109),(84,109),(31,109),(193,109),(18,109),(51,109),(154,109),(173,109),(149,109),(28,109),(144,109),(50,109),(17,109),(88,109),(191,109),(153,109),(91,109),(75,109),(235,109),(203,109),(152,109),(15,109),(55,109),(208,109),(146,109),(238,137),(246,137),(60,137),(226,137),(76,137),(234,137),(187,137),(138,137),(26,137),(197,137),(124,137),(233,137),(204,137),(230,137),(236,137),(219,137),(66,137),(112,137),(223,137),(200,137),(84,137),(25,137),(151,137),(249,137),(122,137),(53,137),(18,137),(109,137),(62,137),(231,137),(64,137),(28,137),(144,137),(107,137),(146,137),(222,137),(150,137),(191,137),(153,137),(111,137),(88,137),(123,137),(91,137),(75,137),(237,137),(133,137),(156,137),(102,137),(55,137),(208,137),(108,137),(35,137),(243,24),(107,24),(76,24),(103,24),(187,24),(162,24),(138,24),(199,24),(239,24),(233,24),(135,24),(236,24),(235,24),(195,24),(66,24),(219,24),(200,24),(249,24),(33,24),(18,24),(109,24),(154,24),(28,24),(137,24),(241,24),(144,24),(198,24),(246,24),(50,24),(146,24),(88,24),(23,24),(150,24),(191,24),(194,24),(153,24),(111,24),(213,24),(238,24),(156,24),(102,24),(151,24),(202,24),(132,24),(170,24),(226,126),(67,126),(103,126),(213,126),(1,126),(24,126),(120,126),(230,126),(235,126),(52,126),(219,126),(66,126),(196,126),(36,126),(111,126),(53,126),(62,126),(28,126),(241,126),(23,126),(222,126),(148,126),(191,126),(64,126),(31,126),(75,126),(203,126),(15,126),(102,126),(55,126),(208,126),(215,126),(243,217),(107,217),(176,217),(122,217),(108,217),(76,217),(167,217),(103,217),(146,217),(138,217),(199,217),(197,217),(233,217),(126,217),(123,217),(195,217),(21,217),(84,217),(193,217),(249,217),(33,217),(96,217),(51,217),(62,217),(231,217),(144,217),(198,217),(17,217),(153,217),(132,217),(91,217),(64,217),(102,217),(55,217),(151,217),(208,217),(42,217),(219,81),(-1,81),(33,81),(217,81),(1,81),(67,81),(111,81),(103,81),(187,81),(24,81),(138,81),(199,81),(239,81),(197,81),(235,81),(52,81),(36,81),(170,81),(31,81),(112,81),(126,81),(249,81),(233,81),(53,81),(240,81),(2,81),(51,81),(231,81),(64,81),(241,81),(50,81),(-1,81),(60,81),(146,81),(23,81),(162,81),(148,81),(194,81),(153,81),(123,81),(32,81),(213,81),(91,81),(237,81),(203,81),(156,81),(15,81),(102,81),(55,81),(151,81),(202,81),(208,81),(35,81),(234,81),(219,248),(107,248),(15,248),(238,248),(176,248),(67,248),(31,248),(103,248),(1,248),(135,248),(24,248),(199,248),(108,248),(66,248),(48,248),(120,248),(84,248),(25,248),(151,248),(112,248),(249,248),(33,248),(96,248),(240,248),(62,248),(231,248),(64,248),(149,248),(137,248),(241,248),(123,248),(209,248),(144,248),(246,248),(50,248),(198,248),(222,248),(153,248),(213,248),(193,248),(237,248),(133,248),(203,248),(102,248),(81,248),(55,248),(202,248),(35,248),(219,114),(33,114),(108,114),(187,114),(213,114),(26,114),(199,114),(148,114),(197,114),(21,114),(126,114),(209,114),(204,114),(230,114),(236,114),(195,114),(66,114),(112,114),(84,114),(25,114),(36,114),(151,114),(42,114),(53,114),(28,114),(137,114),(241,114),(134,114),(144,114),(50,114),(198,114),(17,114),(60,114),(135,114),(110,114),(111,114),(132,114),(91,114),(75,114),(237,114),(203,114),(156,114),(152,114),(102,114),(81,114),(55,114),(248,114),(208,114),(234,114),(219,5),(243,5),(237,5),(226,5),(122,5),(150,5),(138,5),(120,5),(204,5),(124,5),(66,5),(48,5),(196,5),(200,5),(84,5),(25,5),(170,5),(112,5),(126,5),(249,5),(114,5),(53,5),(18,5),(240,5),(109,5),(154,5),(173,5),(62,5),(107,5),(50,5),(134,5),(198,5),(88,5),(111,5),(193,5),(91,5),(64,5),(75,5),(156,5),(102,5),(42,5),(132,5),(26,5),(208,5),(215,5),(35,5),(243,211),(15,211),(60,211),(226,211),(150,211),(187,211),(55,211),(239,211),(197,211),(209,211),(167,211),(235,211),(195,211),(66,211),(196,211),(223,211),(200,211),(25,211),(36,211),(122,211),(33,211),(240,211),(173,211),(107,211),(198,211),(50,211),(134,211),(17,211),(146,211),(162,211),(177,211),(5,211),(193,211),(133,211),(156,211),(152,211),(81,211),(202,211),(248,211),(26,211),(208,211),(35,211),(234,211),(21,118),(226,118),(108,118),(67,118),(103,118),(211,118),(187,118),(162,118),(138,118),(26,118),(199,118),(197,118),(233,118),(120,118),(204,118),(230,118),(195,118),(52,118),(66,118),(239,118),(48,118),(223,118),(200,118),(25,118),(36,118),(112,118),(249,118),(42,118),(110,118),(18,118),(51,118),(231,118),(149,118),(246,118),(198,118),(17,118),(88,118),(23,118),(222,118),(194,118),(132,118),(193,118),(91,118),(64,118),(235,118),(203,118),(152,118),(102,118),(55,118),(151,118),(35,118),(170,118),(167,129),(76,129),(67,129),(103,129),(146,129),(1,129),(24,129),(199,129),(197,129),(124,129),(108,129),(120,129),(118,129),(236,129),(195,129),(52,129),(66,129),(196,129),(223,129),(84,129),(25,129),(249,129),(233,129),(114,129),(53,129),(96,129),(51,129),(154,129),(231,129),(137,129),(144,129),(50,129),(17,129),(177,129),(222,129),(153,129),(110,129),(235,129),(133,129),(203,129),(152,129),(81,129),(191,129),(248,129),(215,129),(35,129),(234,129),(129,140),(219,140),(67,140),(21,140),(60,140),(194,140),(226,140),(211,140),(1,140),(103,140),(213,140),(162,140),(24,140),(199,140),(148,140),(197,140),(233,140),(236,140),(123,140),(195,140),(200,140),(84,140),(25,140),(36,140),(151,140),(31,140),(249,140),(96,140),(18,140),(64,140),(149,140),(241,140),(198,140),(88,140),(23,140),(5,140),(193,140),(238,140),(235,140),(133,140),(55,140),(248,140),(208,140),(35,140),(234,140),(67,182),(246,182),(1,182),(213,182),(162,182),(24,182),(138,182),(197,182),(21,182),(209,182),(118,182),(204,182),(235,182),(123,182),(52,182),(112,182),(48,182),(120,182),(217,182),(196,182),(140,182),(200,182),(84,182),(25,182),(126,182),(114,182),(53,182),(18,182),(2,182),(64,182),(28,182),(137,182),(134,182),(144,182),(50,182),(17,182),(146,182),(23,182),(153,182),(111,182),(5,182),(133,182),(55,182),(202,182),(26,182),(208,182),(215,182),(243,63),(15,63),(176,63),(67,63),(103,63),(213,63),(162,63),(138,63),(148,63),(197,63),(124,63),(167,63),(230,63),(52,63),(219,63),(239,63),(48,63),(140,63),(223,63),(84,63),(126,63),(33,63),(96,63),(18,63),(154,63),(231,63),(241,63),(144,63),(107,63),(50,63),(198,63),(23,63),(222,63),(135,63),(194,63),(32,63),(5,63),(91,63),(182,63),(64,63),(75,63),(237,63),(156,63),(202,63),(26,63),(215,63),(170,63),(243,157),(15,157),(238,157),(176,157),(226,157),(167,157),(187,157),(138,157),(199,157),(108,157),(209,157),(123,157),(217,157),(84,157),(193,157),(249,157),(122,157),(111,157),(33,157),(240,157),(63,157),(109,157),(173,157),(62,157),(231,157),(149,157),(137,157),(107,157),(198,157),(50,157),(134,157),(60,157),(23,157),(222,157),(191,157),(194,157),(88,157),(5,157),(64,157),(31,157),(237,157),(203,157),(239,157),(156,157),(152,157),(102,157),(202,157),(248,157),(208,157),(215,157),(35,157),(243,186),(67,186),(176,186),(60,186),(217,186),(108,186),(103,186),(144,186),(213,186),(162,186),(126,186),(118,186),(236,186),(195,186),(66,186),(239,186),(223,186),(157,186),(200,186),(36,186),(42,186),(53,186),(2,186),(154,186),(173,186),(62,186),(231,186),(28,186),(137,186),(241,186),(177,186),(129,186),(23,186),(135,186),(240,186),(153,186),(123,186),(5,186),(132,186),(91,186),(182,186),(64,186),(237,186),(63,186),(102,186),(204,186),(55,186),(151,186),(248,186),(107,128),(238,128),(217,128),(109,128),(67,128),(187,128),(213,128),(135,128),(26,128),(199,128),(239,128),(197,128),(124,128),(209,128),(235,128),(195,128),(219,128),(66,128),(120,128),(196,128),(140,128),(200,128),(84,128),(31,128),(42,128),(233,128),(53,128),(51,128),(173,128),(62,128),(149,128),(28,128),(186,128),(134,128),(144,128),(17,128),(222,128),(194,128),(88,128),(123,128),(5,128),(132,128),(91,128),(182,128),(75,128),(237,128),(203,128),(156,128),(152,128),(102,128),(81,128),(151,128),(248,128),(215,128),(35,128),(241,128),(243,8),(246,8),(226,8),(122,8),(211,8),(103,8),(213,8),(146,8),(24,8),(138,8),(26,8),(124,8),(108,8),(233,8),(118,8),(230,8),(123,8),(52,8),(-1,8),(112,8),(48,8),(196,8),(223,8),(157,8),(25,8),(36,8),(33,8),(240,8),(63,8),(173,8),(64,8),(209,8),(198,8),(128,8),(153,8),(132,8),(31,8),(133,8),(152,8),(15,8),(81,8),(202,8),(42,8),(231,8),(208,8),(222,8),(129,221),(15,221),(246,221),(167,221),(217,221),(211,221),(76,221),(103,221),(187,221),(213,221),(24,221),(138,221),(195,221),(52,221),(196,221),(223,221),(200,221),(25,221),(193,221),(126,221),(249,221),(233,221),(8,221),(18,221),(240,221),(109,221),(154,221),(173,221),(62,221),(231,221),(241,221),(146,221),(23,221),(194,221),(153,221),(110,221),(132,221),(66,221),(75,221),(235,221),(124,221),(237,221),(81,221),(191,221),(215,221),(176,46),(150,46),(186,46),(76,46),(103,46),(187,46),(162,46),(135,46),(24,46),(138,46),(120,46),(118,46),(204,46),(236,46),(195,46),(52,46),(219,46),(112,46),(48,46),(140,46),(25,46),(151,46),(31,46),(249,46),(233,46),(114,46),(8,46),(96,46),(221,46),(63,46),(173,46),(62,46),(231,46),(182,46),(149,46),(144,46),(198,46),(50,46),(60,46),(146,46),(88,46),(177,46),(111,46),(123,46),(32,46),(213,46),(5,46),(132,46),(193,46),(75,46),(124,46),(133,46),(55,46),(42,46),(215,46),(129,45),(67,45),(176,45),(33,45),(76,45),(103,45),(46,45),(157,45),(213,45),(1,45),(199,45),(209,45),(118,45),(36,45),(236,45),(235,45),(239,45),(84,45),(170,45),(114,45),(96,45),(18,45),(221,45),(240,45),(51,45),(154,45),(231,45),(241,45),(134,45),(144,45),(198,45),(246,45),(50,45),(177,45),(128,45),(162,45),(135,45),(153,45),(110,45),(91,45),(75,45),(124,45),(133,45),(152,45),(15,45),(81,45),(248,45),(202,45),(215,45),(35,45),(146,45),(107,207),(226,207),(129,207),(76,207),(103,207),(144,207),(33,207),(199,207),(148,207),(108,207),(233,207),(21,207),(209,207),(204,207),(230,207),(236,207),(195,207),(217,207),(140,207),(84,207),(111,207),(42,207),(114,207),(8,207),(45,207),(221,207),(240,207),(2,207),(154,207),(149,207),(28,207),(186,207),(137,207),(241,207),(134,207),(128,207),(222,207),(162,207),(135,207),(110,207),(88,207),(132,207),(235,207),(124,207),(237,207),(63,207),(152,207),(191,207),(55,207),(151,207),(248,207),(208,207),(215,207),(35,207),(219,9),(176,9),(15,9),(60,9),(226,9),(67,9),(103,9),(213,9),(138,9),(204,9),(230,9),(48,9),(196,9),(140,9),(32,9),(157,9),(25,9),(36,9),(193,9),(45,9),(53,9),(18,9),(221,9),(240,9),(51,9),(231,9),(182,9),(241,9),(137,9),(17,9),(177,9),(129,9),(128,9),(222,9),(88,9),(123,9),(132,9),(91,9),(31,9),(75,9),(124,9),(237,9),(156,9),(63,9),(152,9),(81,9),(191,9),(55,9),(248,9),(208,9),(207,9),(215,9),(35,9),(234,9),(243,121),(21,121),(60,121),(157,121),(167,121),(76,121),(211,121),(67,121),(1,121),(135,121),(209,121),(120,121),(195,121),(52,121),(66,121),(217,121),(196,121),(140,121),(200,121),(25,121),(193,121),(233,121),(110,121),(63,121),(109,121),(154,121),(231,121),(149,121),(144,121),(107,121),(198,121),(9,121),(50,121),(88,121),(23,121),(191,121),(207,121),(111,121),(213,121),(5,121),(132,121),(103,121),(235,121),(237,121),(203,121),(102,121),(81,121),(202,121),(26,121),(215,121),(243,161),(157,161),(226,161),(122,161),(207,161),(103,161),(211,161),(55,161),(162,161),(135,161),(24,161),(21,161),(126,161),(167,161),(204,161),(236,161),(195,161),(219,161),(48,161),(196,161),(140,161),(46,161),(33,161),(42,161),(8,161),(45,161),(96,161),(18,161),(221,161),(109,161),(51,161),(154,161),(62,161),(231,161),(182,161),(149,161),(137,161),(241,161),(121,161),(107,161),(198,161),(17,161),(177,161),(23,161),(128,161),(148,161),(194,161),(91,161),(75,161),(237,161),(156,161),(15,161),(102,161),(81,161),(191,161),(151,161),(202,161),(215,161),(234,161),(153,161),(170,161),(129,130),(243,130),(60,130),(157,130),(167,130),(76,130),(67,130),(187,130),(1,130),(24,130),(138,130),(161,130),(197,130),(124,130),(246,130),(230,130),(236,130),(195,130),(239,130),(48,130),(196,130),(46,130),(25,130),(151,130),(112,130),(45,130),(53,130),(96,130),(18,130),(221,130),(2,130),(109,130),(173,130),(62,130),(182,130),(64,130),(149,130),(28,130),(186,130),(9,130),(50,130),(134,130),(222,130),(207,130),(213,130),(193,130),(31,130),(238,130),(203,130),(81,130),(55,130),(42,130),(26,130),(199,130),(35,130),(152,130),(21,139),(246,139),(226,139),(167,139),(76,139),(81,139),(46,139),(130,139),(161,139),(118,139),(236,139),(195,139),(52,139),(217,139),(200,139),(25,139),(170,139),(31,139),(122,139),(111,139),(33,139),(8,139),(53,139),(18,139),(221,139),(109,139),(51,139),(154,139),(173,139),(149,139),(28,139),(121,139),(144,139),(198,139),(9,139),(60,139),(88,139),(222,139),(140,139),(148,139),(194,139),(177,139),(32,139),(5,139),(132,139),(91,139),(64,139),(126,139),(124,139),(203,139),(156,139),(55,139),(208,139),(176,40),(226,40),(76,40),(1,40),(187,40),(213,40),(26,40),(199,40),(148,40),(161,40),(197,40),(233,40),(209,40),(118,40),(236,40),(52,40),(48,40),(217,40),(196,40),(32,40),(46,40),(249,40),(8,40),(45,40),(96,40),(18,40),(221,40),(2,40),(154,40),(62,40),(231,40),(64,40),(149,40),(28,40),(137,40),(121,40),(246,40),(198,40),(17,40),(139,40),(23,40),(128,40),(222,40),(150,40),(194,40),(153,40),(88,40),(132,40),(75,40),(237,40),(133,40),(63,40),(152,40),(55,40),(248,40),(202,40),(170,40),(67,181),(76,181),(211,181),(1,181),(161,181),(197,181),(209,181),(118,181),(230,181),(66,181),(239,181),(140,181),(170,181),(40,181),(249,181),(111,181),(110,181),(240,181),(154,181),(62,181),(231,181),(134,181),(130,181),(107,181),(9,181),(246,181),(50,181),(60,181),(146,181),(139,181),(135,181),(194,181),(177,181),(123,181),(103,181),(182,181),(64,181),(75,181),(235,181),(124,181),(133,181),(81,181),(208,181),(207,181),(215,181),(176,145),(226,145),(122,145),(76,145),(1,145),(32,145),(103,145),(161,145),(135,145),(24,145),(197,145),(233,145),(21,145),(126,145),(209,145),(118,145),(67,145),(204,145),(156,145),(195,145),(219,145),(66,145),(48,145),(217,145),(140,145),(223,145),(25,145),(170,145),(112,145),(193,145),(33,145),(114,145),(8,145),(96,145),(18,145),(173,145),(28,145),(241,145),(144,145),(9,145),(246,145),(17,145),(146,145),(139,145),(194,145),(110,145),(88,145),(123,145),(213,145),(31,145),(238,145),(124,145),(203,145),(152,145),(191,145),(55,145),(181,145),(207,145),(35,145),(243,19),(15,19),(150,19),(108,19),(211,19),(67,19),(161,19),(213,19),(146,19),(24,19),(138,19),(148,19),(197,19),(209,19),(118,19),(204,19),(236,19),(195,19),(219,19),(66,19),(196,19),(140,19),(157,19),(84,19),(36,19),(126,19),(249,19),(8,19),(45,19),(18,19),(240,19),(2,19),(51,19),(62,19),(64,19),(149,19),(137,19),(170,19),(121,19),(50,19),(129,19),(23,19),(135,19),(145,19),(123,19),(182,19),(238,19),(75,19),(235,19),(124,19),(237,19),(203,19),(156,19),(152,19),(202,19),(248,19),(215,19),(234,19),(129,214),(67,214),(15,214),(238,214),(176,214),(246,214),(33,214),(194,214),(211,214),(130,214),(187,214),(64,214),(1,214),(26,214),(120,214),(118,214),(36,214),(167,214),(236,214),(195,214),(219,214),(48,214),(196,214),(157,214),(200,214),(19,214),(122,214),(42,214),(8,214),(45,214),(110,214),(63,214),(2,214),(109,214),(51,214),(154,214),(182,214),(186,214),(241,214),(121,214),(144,214),(198,214),(17,214),(60,214),(139,214),(148,214),(150,214),(123,214),(32,214),(5,214),(91,214),(75,214),(133,214),(156,214),(102,214),(191,214),(132,214),(35,214),(243,119),(21,119),(226,119),(150,119),(167,119),(151,119),(108,119),(67,119),(146,119),(135,119),(24,119),(239,119),(197,119),(204,119),(230,119),(219,119),(48,119),(32,119),(223,119),(170,119),(112,119),(122,119),(111,119),(214,119),(96,119),(109,119),(154,119),(173,119),(186,119),(241,119),(137,119),(107,119),(17,119),(129,119),(139,119),(23,119),(130,119),(148,119),(153,119),(145,119),(123,119),(5,119),(84,119),(132,119),(237,119),(203,119),(156,119),(191,119),(55,119),(202,119),(42,119),(248,119),(208,119),(207,119),(35,119),(15,155),(238,155),(60,155),(226,155),(122,155),(167,155),(103,155),(114,155),(182,155),(199,155),(21,155),(209,155),(204,155),(230,155),(123,155),(52,155),(120,155),(196,155),(140,155),(223,155),(25,155),(170,155),(19,155),(233,155),(45,155),(18,155),(240,155),(2,155),(119,155),(109,155),(51,155),(154,155),(173,155),(186,155),(241,155),(134,155),(40,155),(130,155),(107,155),(9,155),(246,155),(198,155),(146,155),(222,155),(194,155),(153,155),(177,155),(88,155),(193,155),(75,155),(124,155),(203,155),(102,155),(151,155),(181,155),(145,155),(26,155),(219,115),(107,115),(122,115),(217,115),(76,115),(103,115),(211,115),(187,115),(162,115),(199,115),(124,115),(21,115),(209,115),(167,115),(204,115),(239,115),(112,115),(120,115),(32,115),(25,115),(151,115),(40,115),(8,115),(96,115),(18,115),(2,115),(109,115),(51,115),(149,115),(161,115),(241,115),(123,115),(144,115),(9,115),(50,115),(146,115),(139,115),(222,115),(150,115),(148,115),(207,115),(88,115),(5,115),(132,115),(91,115),(64,115),(31,115),(75,115),(155,115),(152,115),(55,115),(248,115),(26,115),(215,115),(234,115),(170,115),(67,98),(107,98),(15,98),(246,98),(226,98),(150,98),(217,98),(76,98),(130,98),(187,98),(161,98),(162,98),(24,98),(209,98),(120,98),(230,98),(236,98),(239,98),(48,98),(196,98),(200,98),(25,98),(40,98),(115,98),(249,98),(214,98),(114,98),(8,98),(53,98),(18,98),(63,98),(182,98),(28,98),(186,98),(137,98),(144,98),(50,98),(129,98),(88,98),(23,98),(128,98),(135,98),(194,98),(153,98),(123,98),(213,98),(31,98),(235,98),(237,98),(203,98),(156,98),(81,98),(170,98),(243,184),(238,184),(246,184),(157,184),(226,184),(103,184),(64,184),(1,184),(135,184),(138,184),(33,184),(197,184),(124,184),(98,184),(204,184),(230,184),(66,184),(46,184),(25,184),(40,184),(115,184),(112,184),(249,184),(214,184),(18,184),(119,184),(51,184),(154,184),(173,184),(62,184),(28,184),(186,184),(137,184),(241,184),(9,184),(181,184),(17,184),(146,184),(128,184),(222,184),(162,184),(150,184),(123,184),(32,184),(5,184),(132,184),(203,184),(191,184),(42,184),(248,184),(202,184),(129,127),(219,127),(67,127),(33,127),(157,127),(217,127),(184,127),(19,127),(76,127),(46,127),(211,127),(138,127),(108,127),(209,127),(120,127),(230,127),(236,127),(239,127),(223,127),(84,127),(25,127),(36,127),(40,127),(31,127),(126,127),(249,127),(214,127),(114,127),(53,127),(51,127),(231,127),(137,127),(241,127),(130,127),(198,127),(9,127),(246,127),(50,127),(17,127),(128,127),(162,127),(135,127),(177,127),(110,127),(111,127),(123,127),(32,127),(213,127),(132,127),(91,127),(64,127),(119,127),(75,127),(235,127),(155,127),(203,127),(63,127),(102,127),(151,127),(202,127),(42,127),(248,127),(208,127),(234,127),(170,127),(67,58),(15,58),(176,58),(237,58),(226,58),(62,58),(108,58),(234,58),(127,58),(130,58),(24,58),(21,58),(126,58),(204,58),(236,58),(195,58),(66,58),(48,58),(217,58),(32,58),(223,58),(200,58),(36,58),(170,58),(112,58),(233,58),(214,58),(53,58),(110,58),(18,58),(221,58),(240,58),(2,58),(121,58),(134,58),(198,58),(17,58),(60,58),(23,58),(162,58),(150,58),(207,58),(153,58),(145,58),(88,58),(213,58),(5,58),(132,58),(193,58),(235,58),(133,58),(63,58),(152,58),(102,58),(191,58),(55,58),(151,58),(42,58),(26,58),(208,58),(215,58),(35,58),(15,16),(246,16),(167,16),(217,16),(76,16),(211,16),(127,16),(187,16),(135,16),(24,16),(138,16),(199,16),(123,16),(195,16),(52,16),(120,16),(196,16),(223,16),(200,16),(25,16),(36,16),(151,16),(112,16),(19,16),(233,16),(114,16),(53,16),(63,16),(2,16),(173,16),(62,16),(64,16),(28,16),(186,16),(137,16),(58,16),(241,16),(134,16),(130,16),(107,16),(9,16),(60,16),(139,16),(128,16),(194,16),(191,16),(5,16),(132,16),(193,16),(182,16),(31,16),(75,16),(237,16),(155,16),(203,16),(156,16),(81,16),(42,16),(248,16),(208,16),(215,16),(33,47),(60,47),(157,47),(211,47),(24,47),(199,47),(233,47),(98,47),(118,47),(66,47),(239,47),(112,47),(217,47),(223,47),(46,47),(84,47),(36,47),(31,47),(193,47),(126,47),(42,47),(214,47),(45,47),(96,47),(18,47),(240,47),(2,47),(51,47),(154,47),(28,47),(137,47),(121,47),(107,47),(129,47),(139,47),(88,47),(23,47),(58,47),(194,47),(153,47),(177,47),(5,47),(91,47),(235,47),(124,47),(237,47),(133,47),(203,47),(152,47),(15,47),(204,47),(55,47),(202,47),(208,47),(222,47),(16,47),(170,47),(107,38),(246,38),(33,38),(157,38),(108,38),(211,38),(187,38),(161,38),(24,38),(138,38),(249,38),(98,38),(21,38),(118,38),(167,38),(204,38),(230,38),(58,38),(195,38),(52,38),(66,38),(112,38),(48,38),(223,38),(200,38),(151,38),(193,38),(111,38),(114,38),(8,38),(53,38),(96,38),(2,38),(109,38),(62,38),(241,38),(130,38),(121,38),(50,38),(17,38),(23,38),(128,38),(207,38),(194,38),(145,38),(88,38),(5,38),(132,38),(182,38),(64,38),(31,38),(119,38),(238,38),(235,38),(237,38),(133,38),(203,38),(152,38),(15,38),(63,38),(81,38),(181,38),(47,38),(35,38),(110,38),(129,6),(60,6),(150,6),(167,6),(217,6),(127,6),(115,6),(187,6),(146,6),(162,6),(24,6),(138,6),(148,6),(98,6),(209,6),(118,6),(230,6),(119,6),(123,6),(52,6),(48,6),(223,6),(46,6),(31,6),(112,6),(114,6),(45,6),(53,6),(96,6),(18,6),(221,6),(38,6),(240,6),(231,6),(28,6),(241,6),(137,6),(121,6),(88,6),(23,6),(128,6),(194,6),(177,6),(145,6),(193,6),(91,6),(237,6),(133,6),(152,6),(15,6),(102,6),(81,6),(151,6),(208,6),(181,6),(215,6),(35,6),(21,180),(19,180),(33,180),(226,180),(167,180),(127,180),(6,180),(26,180),(249,180),(199,180),(148,180),(161,180),(126,180),(209,180),(204,180),(230,180),(219,180),(140,180),(223,180),(157,180),(200,180),(84,180),(31,180),(42,180),(233,180),(53,180),(110,180),(109,180),(64,180),(28,180),(241,180),(137,180),(134,180),(121,180),(9,180),(198,180),(17,180),(177,180),(139,180),(128,180),(222,180),(135,180),(194,180),(111,180),(123,180),(133,180),(155,180),(203,180),(152,180),(102,180),(55,180),(181,180),(248,180),(180,192),(15,192),(226,192),(150,192),(184,192),(76,192),(180,192),(138,192),(199,192),(148,192),(21,192),(209,192),(67,192),(167,192),(236,192),(235,192),(195,192),(112,192),(120,192),(223,192),(16,192),(200,192),(25,192),(36,192),(31,192),(193,192),(126,192),(249,192),(122,192),(8,192),(53,192),(96,192),(18,192),(2,192),(173,192),(231,192),(182,192),(64,192),(28,192),(241,192),(137,192),(47,192),(121,192),(144,192),(107,192),(198,192),(246,192),(146,192),(191,192),(153,192),(132,192),(91,192),(75,192),(237,192),(155,192),(156,192),(55,192),(181,192),(208,192),(234,192),(152,192),(192,250),(67,250),(226,250),(122,250),(184,250),(1,250),(211,250),(187,250),(135,250),(199,250),(161,250),(197,250),(21,250),(120,250),(230,250),(236,250),(52,250),(66,250),(192,250),(239,250),(112,250),(48,250),(217,250),(196,250),(84,250),(31,250),(115,250),(8,250),(96,250),(18,250),(38,250),(180,250),(109,250),(154,250),(173,250),(62,250),(28,250),(241,250),(134,250),(144,250),(9,250),(146,250),(88,250),(128,250),(162,250),(153,250),(145,250),(235,250),(237,250),(155,250),(203,250),(102,250),(191,250),(55,250),(202,250),(26,250),(208,250),(215,250),(35,250),(234,250),(243,34),(67,34),(19,34),(226,34),(167,34),(103,34),(46,34),(213,34),(197,34),(124,34),(209,34),(204,34),(66,34),(250,34),(239,34),(48,34),(223,34),(200,34),(115,34),(249,34),(122,34),(114,34),(53,34),(221,34),(2,34),(109,34),(51,34),(154,34),(62,34),(231,34),(149,34),(28,34),(186,34),(198,34),(177,34),(135,34),(194,34),(110,34),(32,34),(5,34),(132,34),(31,34),(75,34),(155,34),(203,34),(156,34),(152,34),(81,34),(55,34),(250,34),(202,34),(248,34),(208,34),(207,34),(181,34),(215,34),(35,34),(234,34),(153,34),(170,34),(219,117),(243,117),(107,117),(246,117),(60,117),(226,117),(217,117),(46,117),(211,117),(187,117),(24,117),(148,117),(239,117),(108,117),(126,117),(204,117),(230,117),(236,117),(58,117),(34,117),(52,117),(47,117),(32,117),(157,117),(200,117),(84,117),(36,117),(40,117),(193,117),(122,117),(53,117),(110,117),(18,117),(240,117),(119,117),(51,117),(154,117),(62,117),(231,117),(241,117),(137,117),(144,117),(146,117),(184,117),(150,117),(194,117),(145,117),(88,117),(91,117),(6,117),(64,117),(31,117),(238,117),(75,117),(221,117),(156,117),(15,117),(55,117),(248,117),(208,117),(215,117),(16,117),(35,117),(219,168),(67,168),(19,168),(226,168),(76,168),(1,168),(234,168),(127,168),(103,168),(130,168),(46,168),(146,168),(135,168),(24,168),(199,168),(124,168),(126,168),(209,168),(204,168),(230,168),(236,168),(195,168),(52,168),(239,168),(48,168),(120,168),(196,168),(32,168),(84,168),(40,168),(117,168),(193,168),(122,168),(111,168),(114,168),(45,168),(110,168),(221,168),(62,168),(231,168),(186,168),(121,168),(198,168),(50,168),(177,168),(139,168),(23,168),(148,168),(128,168),(18,168),(162,168),(153,168),(88,168),(5,168),(132,168),(213,168),(182,168),(64,168),(75,168),(237,168),(156,168),(152,168),(102,168),(191,168),(55,168),(202,168),(42,168),(248,168),(207,168),(181,168),(215,168),(35,168),(170,168)]"
Cost: 8307
Duration: 5365
Evaluation: 13672
