****Global Input****
(4:66864)
(170:53797)
(317:48071)
(331:9841)
(338:62211)
(852:13502)

****Global Output****
(213:50410)
(893:49452)

****Biased tasks****
task(id(215);cost(32);duration(31);in([[317:48071]]);out([[179:63455]#[408:26495]#[535:64566]#[539:60255]#[681:61919]]);mutual_exclusions([]))
task(id(223);cost(62);duration(35);in([[338:62211]#[535:16142]]);out([[97:23553]#[176:15527]#[653:8357]#[709:22506]#[837:67809]]);mutual_exclusions([]))
task(id(233);cost(89);duration(17);in([[170:53797]#[837:4238]]);out([[100:9809]#[157:23504]#[356:24788]#[549:52112]#[654:32395]#[816:68198]]);mutual_exclusions([]))
task(id(225);cost(97);duration(32);in([[157:2938]]);out([[234:40132]#[447:37669]#[523:58509]#[559:26091]]);mutual_exclusions([]))
task(id(115);cost(63);duration(37);in([[559:26091]]);out([[394:45519]#[424:67803]#[629:9429]#[907:37387]]);mutual_exclusions([]))
task(id(88);cost(37);duration(53);in([[394:45519]#[408:3312]]);out([[395:19591]#[553:41315]#[651:10881]#[704:37930]]);mutual_exclusions([]))
task(id(256);cost(65);duration(18);in([[539:60255]#[553:2582]#[816:17049]]);out([[204:15560]#[306:38872]#[672:44408]#[721:7065]]);mutual_exclusions([]))
task(id(166);cost(51);duration(26);in([[424:2119]#[672:174]]);out([[60:23678]#[146:26492]#[353:15412]#[438:9775]#[515:54762]]);mutual_exclusions([]))
task(id(255);cost(21);duration(33);in([[60:1479]#[204:486]#[816:4263]]);out([[244:52063]#[328:11581]#[726:16366]#[792:13274]#[811:23115]]);mutual_exclusions([]))
task(id(242);cost(44);duration(11);in([[523:229]#[654:8099]#[726:4092]]);out([[13:64780]#[160:60497]#[468:52392]#[532:38543]#[743:34514]#[867:39045]]);mutual_exclusions([]))
task(id(69);cost(92);duration(43);in([[468:13098]#[709:5627]]);out([[70:56997]#[425:65244]#[441:23797]#[763:21391]]);mutual_exclusions([]))
task(id(95);cost(94);duration(36);in([[4:66864]#[146:26492]#[306:38872]#[424:33901]#[441:372]]);out([[40:11812]#[110:47727]#[382:57781]#[398:15228]#[474:47229]#[615:40305]]);mutual_exclusions([]))
task(id(132);cost(40);duration(42);in([[382:7223]#[395:2449]#[763:21391]#[867:39045]]);out([[165:68328]#[289:68463]#[300:31584]#[405:29129]#[638:36529]#[694:57106]]);mutual_exclusions([]))
task(id(268);cost(16);duration(44);in([[157:2938]#[289:34231]#[535:32283]]);out([[71:24426]#[106:52038]#[442:7118]#[467:38203]#[878:67847]#[906:52617]]);mutual_exclusions([]))
task(id(73);cost(68);duration(45);in([[244:1627]#[535:1008]#[553:1291]#[694:7138]#[878:8481]]);out([[161:56951]#[256:69348]#[698:19356]#[748:44631]#[790:53919]#[868:61790]]);mutual_exclusions([]))
task(id(230);cost(49);duration(40);in([[244:1626]#[356:24788]#[698:19356]]);out([[126:25560]#[206:42405]#[595:14351]#[829:29616]]);mutual_exclusions([]))
task(id(240);cost(72);duration(43);in([[110:47727]#[206:2650]#[408:13248]#[515:1711]#[523:29254]#[878:16962]]);out([[299:36976]#[370:26542]#[581:11871]#[685:25932]#[695:51522]#[786:18518]]);mutual_exclusions([]))
task(id(16);cost(88);duration(36);in([[256:4335]#[474:23614]#[595:14351]#[629:9429]#[695:3220]]);out([[407:15998]#[416:10325]#[616:36598]#[805:9521]#[892:20216]]);mutual_exclusions([]))
task(id(217);cost(59);duration(21);in([[13:16195]#[204:61]#[407:2000]#[837:33905]#[907:9347]]);out([[173:68278]#[268:11942]#[293:21109]#[488:48220]#[502:67712]#[671:40609]]);mutual_exclusions([]))
task(id(184);cost(20);duration(52);in([[173:34139]#[206:21202]#[441:2975]#[654:4049]#[837:8476]#[868:61790]]);out([[227:54830]#[406:61275]#[486:43145]#[810:11084]#[834:43597]]);mutual_exclusions([]))
task(id(183);cost(94);duration(14);in([[71:3053]#[204:7780]#[328:2895]#[425:4078]#[786:2315]#[834:5450]#[907:2337]]);out([[358:54942]#[450:9598]#[699:54002]#[879:54227]]);mutual_exclusions([]))
task(id(23);cost(45);duration(52);in([[126:6390]#[358:858]#[424:8475]#[474:11807]#[726:8183]]);out([[181:33099]#[336:47345]#[586:28382]#[759:51207]#[883:25998]]);mutual_exclusions([]))
task(id(207);cost(22);duration(30);in([[70:56997]#[206:10601]#[395:9795]#[488:3014]#[523:3657]#[694:3569]#[759:25604]]);out([[186:13428]#[200:25215]#[281:33989]#[323:12709]#[788:49854]]);mutual_exclusions([]))
task(id(196);cost(49);duration(24);in([[200:6304]#[256:34674]#[358:13735]#[438:1222]#[441:744]#[535:1009]#[726:1023]#[786:4629]#[892:20216]#[907:1168]]);out([[47:38047]#[67:44615]#[285:58843]#[302:41350]#[330:7753]#[453:21956]]);mutual_exclusions([]))
task(id(17);cost(56);duration(23);in([[173:8535]#[186:13428]#[206:5301]#[425:510]#[453:10978]#[616:2287]#[681:967]#[694:3570]]);out([[150:34116]#[199:45609]#[316:60611]#[631:24198]#[897:8675]]);mutual_exclusions([]))
task(id(2);cost(41);duration(51);in([[150:17058]#[300:15792]#[370:1659]#[438:610]#[788:6232]]);out([[85:24027]#[497:17735]#[738:52670]#[749:14708]#[895:44370]]);mutual_exclusions([]))
task(id(226);cost(84);duration(26);in([[181:8275]#[406:7659]#[408:6624]#[616:18299]#[631:24198]#[749:7354]]);out([[80:41753]#[145:37012]#[311:40442]#[608:30842]#[859:34521]]);mutual_exclusions([]))
task(id(199);cost(96);duration(18);in([[80:10438]#[100:9809]#[200:3152]#[441:5949]#[523:1828]#[681:7740]#[726:2046]#[834:21799]#[837:16952]#[883:6500]#[907:4673]]);out([[294:27374]#[346:9477]#[391:11344]#[663:52825]#[844:25134]#[875:54180]]);mutual_exclusions([]))
task(id(201);cost(54);duration(13);in([[126:799]#[145:4627]#[199:45609]#[289:8558]#[323:6355]#[395:4898]#[406:3829]#[515:3423]#[532:9636]#[875:27090]]);out([[238:38405]#[357:8391]#[659:66099]#[684:32153]#[815:21215]]);mutual_exclusions([]))
task(id(1);cost(74);duration(37);in([[323:3177]#[358:859]#[382:7223]#[391:5672]#[659:33050]]);out([[187:33278]#[262:41165]#[376:9484]#[498:65623]#[519:16179]]);mutual_exclusions([]))
task(id(100);cost(43);duration(26);in([[71:12213]#[126:12780]#[358:6868]#[416:10325]#[424:4238]#[447:18834]#[474:5904]#[488:12055]#[498:16406]#[672:22204]#[685:25932]#[810:2771]]);out([[272:15403]#[279:30078]#[399:50605]#[492:57026]#[680:19412]#[782:43841]]);mutual_exclusions([]))
task(id(98);cost(94);duration(17);in([[67:44615]#[150:8529]#[272:15403]#[549:52112]#[704:37930]#[721:7065]#[759:12802]#[786:9259]]);out([[103:52616]#[172:31869]#[324:48189]#[448:12080]]);mutual_exclusions([]))
task(id(97);cost(16);duration(10);in([[85:12013]#[103:26308]#[181:8274]#[300:7896]#[447:4709]#[653:4179]#[672:694]#[699:13500]#[816:34099]]);out([[169:39533]#[212:9426]#[503:15501]#[512:62204]#[889:17795]]);mutual_exclusions([]))
task(id(109);cost(24);duration(48);in([[97:23553]#[169:39533]#[204:122]#[311:40442]#[398:3807]#[492:28513]#[498:32812]#[515:6845]#[681:15480]#[788:24927]#[897:4337]]);out([[43:28404]#[49:54623]#[114:67830]#[505:68431]#[521:13026]#[896:24138]]);mutual_exclusions([]))
task(id(203);cost(45);duration(59);in([[49:27311]#[165:68328]#[294:3422]#[425:32622]#[468:26196]#[553:1292]#[654:16197]#[671:40609]#[672:5551]#[782:10960]#[878:8481]]);out([[258:17241]#[322:45823]#[724:39864]#[766:46025]#[773:17824]#[780:36729]]);mutual_exclusions([]))
task(id(94);cost(23);duration(20);in([[370:3318]#[438:4888]#[488:6027]#[523:14627]#[653:1044]#[766:23013]#[811:23115]#[875:6773]]);out([[555:58200]#[566:67013]#[593:48236]#[804:24488]#[832:42147]#[884:39585]]);mutual_exclusions([]))
task(id(127);cost(26);duration(10);in([[316:15153]#[358:27471]#[425:8155]#[497:17735]#[512:15551]#[523:7314]#[553:20657]#[566:33506]#[672:173]#[875:13545]]);out([[561:27826]#[666:31542]#[686:52520]#[903:33439]]);mutual_exclusions([]))
task(id(59);cost(84);duration(50);in([[486:43145]#[523:914]#[686:6565]#[766:23012]#[816:4262]#[832:42147]#[896:12069]]);out([[283:31347]#[297:50825]#[365:33247]#[533:8857]#[548:9892]#[746:54270]]);mutual_exclusions([]))
task(id(245);cost(47);duration(11);in([[80:20877]#[103:13154]#[187:16639]#[548:4946]#[593:24118]#[694:14276]#[738:13167]#[883:6499]]);out([[154:30274]#[257:69344]#[568:42951]#[600:15743]#[744:49363]#[872:38474]]);mutual_exclusions([]))
task(id(118);cost(86);duration(11);in([[376:4742]#[398:7614]#[448:12080]#[561:27826]#[672:1388]#[709:2813]#[744:49363]#[815:21215]]);out([[211:53726]#[511:58472]#[517:63545]#[620:22586]#[799:48196]#[860:40388]]);mutual_exclusions([]))
task(id(238);cost(90);duration(40);in([[126:3195]#[172:15934]#[173:17069]#[204:3890]#[211:26863]#[256:8668]#[257:34672]#[302:10338]#[328:1448]#[425:16311]#[447:294]#[903:33439]]);out([[1:39296]#[190:28687]#[209:23825]#[210:18321]#[542:51063]]);mutual_exclusions([]))
task(id(91);cost(78);duration(58);in([[190:14343]#[323:1588]#[488:24110]#[553:5164]#[681:3870]#[709:11253]#[748:5579]#[844:25134]]);out([[182:55627]#[427:9697]#[530:67721]#[633:60145]#[656:48984]]);mutual_exclusions([]))
task(id(32);cost(76);duration(11);in([[49:27312]#[179:63455]#[204:61]#[300:3948]#[328:5791]#[407:1000]#[441:11898]#[453:5489]#[633:60145]#[666:7886]#[695:25761]#[788:12464]#[816:8525]#[907:1169]]);out([[27:54672]#[250:45868]#[340:40968]#[612:32310]#[891:41795]]);mutual_exclusions([]))
task(id(90);cost(95);duration(50);in([[60:1480]#[71:6106]#[150:8529]#[187:16639]#[212:4713]#[227:54830]#[268:11942]#[279:30078]#[285:14711]#[358:1717]#[517:15887]#[553:10329]#[608:15421]#[638:36529]#[681:967]#[748:5579]#[805:595]#[891:20897]]);out([[242:14183]#[313:45399]#[341:67011]#[372:46671]]);mutual_exclusions([]))
task(id(78);cost(99);duration(32);in([[313:11350]#[353:15412]#[358:3434]#[382:14445]#[399:50605]#[408:827]#[555:58200]#[586:28382]#[786:1157]#[805:4761]#[810:1386]]);out([[130:7130]#[158:42447]#[460:52892]#[560:57673]#[739:63063]#[750:23602]]);mutual_exclusions([]))
task(id(212);cost(28);duration(46);in([[161:14238]#[283:31347]#[407:7999]#[453:5489]#[492:14256]#[505:34215]#[560:57673]#[684:16077]#[695:12880]#[773:8912]#[879:54227]#[906:52617]]);out([[18:55100]#[87:38550]#[423:32395]#[556:25873]#[870:16038]]);mutual_exclusions([]))
task(id(62);cost(16);duration(48);in([[18:27550]#[126:1597]#[204:1945]#[209:23825]#[244:26032]#[293:10554]#[365:16624]#[391:2836]#[408:1656]#[447:9417]#[505:17108]#[517:15886]#[530:33860]#[568:21475]#[659:33049]#[699:844]]);out([[76:66146]#[91:37930]#[164:9442]#[885:63533]#[904:33661]]);mutual_exclusions([]))
task(id(145);cost(86);duration(33);in([[91:18965]#[210:9161]#[256:4334]#[341:16753]#[395:613]#[695:6440]#[699:844]#[810:5542]#[829:29616]#[889:8897]]);out([[53:17627]#[274:56036]#[396:59077]#[520:37440]#[840:44446]]);mutual_exclusions([]))
task(id(124);cost(30);duration(35);in([[43:28404]#[161:7119]#[274:56036]#[289:4279]#[302:20675]#[492:14257]#[532:19271]#[542:25532]#[699:3375]#[759:12801]#[810:1385]]);out([[64:69387]#[480:57638]#[501:22721]#[854:56200]#[901:7782]]);mutual_exclusions([]))
task(id(179);cost(91);duration(39);in([[71:3054]#[114:67830]#[145:18506]#[200:1575]#[204:972]#[211:26863]#[257:34672]#[294:13687]#[370:6635]#[405:29129]#[408:828]#[460:52892]#[515:27381]#[854:28100]#[889:8898]]);out([[290:37580]#[403:20304]#[624:54973]#[881:21219]]);mutual_exclusions([]))
task(id(10);cost(57);duration(25);in([[106:13009]#[145:4626]#[160:60497]#[173:4268]#[206:1325]#[212:4713]#[242:14183]#[244:3254]#[290:37580]#[294:6843]#[322:45823]#[406:30638]#[407:4000]#[474:5904]#[535:2018]#[612:32310]#[686:13130]]);out([[201:69723]#[534:39024]#[771:23782]#[877:24893]]);mutual_exclusions([]))
task(id(234);cost(60);duration(30);in([[201:34862]#[258:17241]#[262:41165]#[285:14711]#[294:3422]#[341:33505]#[447:2354]#[450:9598]#[521:13026]#[672:2775]#[681:30960]#[748:11158]#[786:1158]#[859:34521]]);out([[133:7918]#[193:33428]#[195:35117]#[377:45868]#[880:45557]]);mutual_exclusions([]))
task(id(57);cost(46);duration(44);in([[13:16195]#[80:5219]#[133:7918]#[161:7119]#[244:6508]#[299:36976]#[425:510]#[533:8857]#[651:10881]#[656:48984]#[788:3115]#[834:2725]#[860:20194]#[877:12447]]);out([[19:52392]#[390:54369]#[444:17697]#[796:33158]#[890:47786]]);mutual_exclusions([]))
task(id(154);cost(53);duration(38);in([[80:2610]#[157:5876]#[200:1576]#[316:15152]#[390:54369]#[512:31102]#[535:4035]#[684:16076]#[686:6565]#[694:28553]#[724:19932]#[726:1022]#[748:22315]#[782:21920]]);out([[143:43584]#[314:53343]#[420:18732]#[683:46025]#[869:65122]]);mutual_exclusions([]))
task(id(174);cost(80);duration(54);in([[60:2960]#[64:34693]#[106:26019]#[130:7130]#[195:35117]#[204:243]#[324:48189]#[330:7753]#[336:47345]#[370:1659]#[382:28890]#[391:2836]#[420:18732]#[520:37440]#[523:229]#[773:8912]#[804:24488]#[805:595]#[837:4238]#[869:65122]]);out([[140:53090]#[221:19196]#[269:63838]#[349:25128]#[551:54118]#[682:53936]]);mutual_exclusions([]))
task(id(142);cost(44);duration(29);in([[1:39296]#[13:32390]#[85:12014]#[157:11752]#[161:28475]#[176:15527]#[269:63838]#[293:2639]#[313:22699]#[365:16623]#[396:29539]#[530:33861]#[556:25873]#[608:3855]#[782:10961]#[834:10899]#[896:12069]]);out([[51:32393]#[112:8071]#[192:37163]#[247:64203]#[413:21628]#[853:36958]]);mutual_exclusions([]))
task(id(243);cost(99);duration(38);in([[27:27336]#[192:37163]#[357:4196]#[523:457]#[568:21476]#[653:2089]#[853:36958]#[877:12446]#[884:39585]]);out([[108:67475]#[217:60869]#[230:62245]#[596:30173]]);mutual_exclusions([]))
task(id(136);cost(54);duration(15);in([[47:38047]#[140:53090]#[217:60869]#[427:4849]#[468:13098]#[503:15501]#[511:58472]#[616:4575]#[654:2025]#[672:347]#[680:9706]#[724:19932]#[746:13568]#[881:21219]#[901:7782]]);out([[57:28372]#[364:68863]#[380:49821]#[449:55769]#[451:21074]#[665:37886]]);mutual_exclusions([]))
task(id(79);cost(31);duration(12);in([[172:7967]#[293:2639]#[364:68863]#[376:4742]#[515:1711]#[517:31772]#[566:33507]#[600:15743]#[608:3855]#[615:40305]#[653:1045]#[665:37886]#[695:3221]#[738:13168]#[878:33923]#[897:4338]]);out([[255:49583]#[261:18548]#[466:52370]#[477:27653]#[597:51495]]);mutual_exclusions([]))
task(id(86);cost(39);duration(15);in([[60:11839]#[164:9442]#[206:1326]#[221:19196]#[281:33989]#[302:10337]#[372:46671]#[395:1224]#[425:2039]#[447:1177]#[466:52370]#[477:27653]#[502:67712]#[519:16179]#[593:24118]#[597:51495]#[746:27135]#[749:7354]#[854:28100]]);out([[15:67763]#[89:14983]#[334:15734]#[343:41435]#[607:11571]#[661:31176]]);mutual_exclusions([]))
task(id(18);cost(42);duration(29);in([[89:14983]#[316:30306]#[334:15734]#[340:40968]#[406:15319]#[512:15551]#[532:9636]#[661:31176]#[663:52825]#[680:9706]#[805:1190]#[860:20194]#[904:33661]]);out([[385:50985]#[489:34379]#[500:33907]#[690:20204]#[797:28288]#[843:27629]]);mutual_exclusions([]))
task(id(28);cost(69);duration(44);in([[76:33073]#[106:6505]#[112:8071]#[154:30274]#[200:12608]#[300:3948]#[313:11350]#[346:9477]#[385:50985]#[396:29538]#[398:3807]#[407:999]#[413:21628]#[441:1487]#[480:57638]#[515:13691]#[534:39024]#[624:27487]#[690:20204]#[880:45557]]);out([[191:58820]#[355:31333]#[401:17278]#[499:67826]#[729:22367]#[751:10781]]);mutual_exclusions([]))
task(id(93);cost(25);duration(59);in([[51:32393]#[53:17627]#[143:43584]#[172:7968]#[182:27814]#[247:64203]#[256:17337]#[355:31333]#[401:17278]#[424:2119]#[501:22721]#[505:17108]#[542:25531]#[686:26260]#[699:6750]#[729:22367]#[738:26335]#[739:31532]#[796:33158]#[797:28288]#[799:48196]#[843:27629]]);out([[122:59458]#[662:17135]#[789:29882]#[902:45213]]);mutual_exclusions([]))
task(id(227);cost(74);duration(55);in([[103:13154]#[244:13016]#[293:5277]#[395:612]#[423:16197]#[447:295]#[467:38203]#[489:34379]#[500:33907]#[551:54118]#[608:7711]#[662:17135]#[788:3116]#[789:29882]#[840:44446]]);out([[21:16129]#[31:32182]#[65:42891]#[156:40083]#[319:23277]#[386:11843]]);mutual_exclusions([]))
task(id(85);cost(73);duration(52);in([[65:42891]#[126:799]#[156:40083]#[173:4267]#[230:62245]#[323:1589]#[349:25128]#[386:11843]#[403:20304]#[447:589]#[581:11871]#[682:53936]#[780:36729]#[805:2380]#[834:2724]#[885:63533]#[891:20898]#[895:44370]]);out([[270:36846]#[524:46408]#[587:58144]#[821:15328]]);mutual_exclusions([]))
task(id(80);cost(40);duration(39);in([[15:67763]#[18:27550]#[91:18965]#[108:67475]#[145:9253]#[201:34861]#[270:36846]#[285:29421]#[297:50825]#[328:724]#[343:41435]#[438:611]#[441:372]#[524:46408]#[587:58144]#[607:11571]#[616:2287]#[666:7885]#[699:27001]#[739:31531]#[821:15328]#[852:13502]]);out([[276:30947]#[579:20437]#[756:36306]#[864:14619]#[876:62336]]);mutual_exclusions([]))
task(id(187);cost(37);duration(21);in([[57:28372]#[60:5920]#[181:16550]#[191:58820]#[210:9160]#[276:30947]#[289:4279]#[328:723]#[341:16753]#[357:4195]#[370:13271]#[425:1019]#[444:17697]#[488:3014]#[498:16405]#[499:67826]#[579:20437]#[616:9150]#[751:10781]#[756:36306]#[771:23782]#[864:14619]#[872:38474]#[876:62336]#[907:18693]]);out([[207:53886]#[569:62687]#[580:65216]#[652:37297]#[716:20950]]);mutual_exclusions([]))
task(id(121);cost(69);duration(39);in([[19:52392]#[27:27336]#[76:33073]#[87:38550]#[106:6505]#[158:42447]#[182:27813]#[207:53886]#[234:40132]#[380:49821]#[406:3830]#[438:2444]#[449:55769]#[569:62687]#[580:65216]#[596:30173]#[652:37297]#[654:2025]#[666:15771]#[681:1935]#[716:20950]#[746:13567]#[792:13274]#[890:47786]]);out([[24:51808]#[96:63902]#[563:49747]#[628:55491]]);mutual_exclusions([]))
task(id(49);cost(15);duration(21);in([[40:11812]#[64:34694]#[190:14344]#[238:38405]#[314:53343]#[331:9841]#[442:7118]#[451:21074]#[535:8071]#[548:4946]#[563:49747]#[624:27486]#[628:55491]#[683:46025]#[699:1688]#[750:23602]#[870:16038]]);out([[213:50410]]);mutual_exclusions([]))
task(id(143);cost(41);duration(20);in([[21:16129]#[24:51808]#[31:32182]#[80:2609]#[96:63902]#[122:59458]#[193:33428]#[250:45868]#[255:49583]#[261:18548]#[289:17116]#[319:23277]#[377:45868]#[423:16198]#[424:16951]#[427:4848]#[620:22586]#[672:11102]#[709:2813]#[743:34514]#[790:53919]#[875:6772]#[883:12999]#[902:45213]]);out([[893:49452]]);mutual_exclusions([]))

****Arbitrary tasks****
task(id(87);cost(288);duration(174);in([[187:54274]#[679:15793]#[863:14570]#[864:40346]]);out([[46:64890]#[410:66075]#[644:28243]]);mutual_exclusions([]))
task(id(19);cost(84);duration(132);in([[6:28477]#[58:64899]#[136:65331]#[432:43267]#[783:25175]]);out([[5:24357]#[537:25251]]);mutual_exclusions([]))
task(id(33);cost(186);duration(98);in([[156:58987]#[475:58003]#[821:25579]#[833:24532]]);out([[387:43949]]);mutual_exclusions([]))
task(id(13);cost(84);duration(112);in([[469:29115]#[550:60802]#[702:22786]#[887:69937]]);out([[435:32772]]);mutual_exclusions([]))
task(id(231);cost(218);duration(95);in([[27:30315]#[446:20245]]);out([[94:15916]#[320:42275]#[479:51212]]);mutual_exclusions([]))
task(id(152);cost(129);duration(152);in([[157:54507]#[249:57305]#[389:40949]#[687:14682]]);out([[80:28340]#[396:13547]#[551:32591]]);mutual_exclusions([]))
task(id(235);cost(106);duration(88);in([[54:68451]#[155:68036]#[261:52845]#[327:39642]#[388:44588]]);out([[130:42714]#[360:43910]#[842:41511]]);mutual_exclusions([]))
task(id(5);cost(115);duration(124);in([[92:34534]#[378:37562]#[381:29685]]);out([[797:45791]]);mutual_exclusions([]))
task(id(128);cost(92);duration(87);in([[530:9028]#[566:33578]#[684:16424]#[826:64107]]);out([[240:35165]#[302:40544]#[783:27647]]);mutual_exclusions([]))
task(id(209);cost(46);duration(136);in([[435:46669]#[511:7693]#[573:36011]]);out([[887:11080]]);mutual_exclusions([]))
task(id(163);cost(136);duration(145);in([[175:19503]#[393:47270]#[427:47198]#[472:55847]#[596:11500]]);out([[215:60105]#[618:33706]]);mutual_exclusions([]))
task(id(75);cost(87);duration(180);in([[105:55473]#[312:50178]#[385:12754]#[501:23170]#[857:65397]]);out([[443:63996]#[713:59881]#[813:11875]]);mutual_exclusions([]))
task(id(244);cost(92);duration(158);in([[529:15088]#[775:28063]#[867:22633]]);out([[531:40193]#[888:68300]]);mutual_exclusions([]))
task(id(44);cost(151);duration(144);in([[414:22299]#[901:22033]]);out([[213:64716]#[322:64075]#[406:66714]]);mutual_exclusions([]))
task(id(170);cost(194);duration(55);in([[68:69521]#[644:59099]#[901:51458]]);out([[542:55571]#[579:57017]]);mutual_exclusions([]))
task(id(211);cost(84);duration(125);in([[226:42863]#[310:43241]]);out([[246:21858]#[424:28547]#[640:61727]]);mutual_exclusions([]))
task(id(224);cost(214);duration(93);in([[695:44249]#[745:35631]#[859:42489]]);out([[621:62882]#[811:7623]]);mutual_exclusions([]))
task(id(140);cost(134);duration(148);in([[87:50326]#[192:38160]#[508:64607]#[541:12640]#[733:25166]]);out([[171:52135]#[684:8206]]);mutual_exclusions([]))
task(id(147);cost(260);duration(68);in([[36:32135]#[623:18130]#[694:66445]#[728:16696]#[787:31812]]);out([[333:11723]#[704:19674]#[778:40997]]);mutual_exclusions([]))
task(id(202);cost(143);duration(170);in([[400:8510]#[473:27771]#[499:63957]#[502:10979]#[690:41567]]);out([[424:38471]]);mutual_exclusions([]))
task(id(270);cost(211);duration(159);in([[90:38185]#[493:53272]#[669:61561]]);out([[194:19283]#[594:13023]]);mutual_exclusions([]))
task(id(228);cost(190);duration(142);in([[315:43690]#[470:69614]#[772:13004]]);out([[97:8588]]);mutual_exclusions([]))
task(id(193);cost(208);duration(58);in([[328:36103]#[449:46833]#[477:66494]#[501:66443]]);out([[261:14441]#[592:28893]]);mutual_exclusions([]))
task(id(159);cost(127);duration(77);in([[233:27775]#[299:37486]#[390:26948]#[540:68560]#[573:66581]]);out([[55:60382]]);mutual_exclusions([]))
task(id(37);cost(265);duration(89);in([[95:29106]#[156:25197]#[626:24056]#[756:27739]]);out([[424:24113]]);mutual_exclusions([]))
task(id(156);cost(277);duration(171);in([[83:46709]#[613:66588]#[737:68922]#[816:58703]]);out([[451:20186]#[528:29248]]);mutual_exclusions([]))
task(id(259);cost(67);duration(97);in([[438:59371]#[507:52269]#[650:25782]]);out([[29:12241]#[411:40206]#[812:40389]]);mutual_exclusions([]))
task(id(6);cost(169);duration(73);in([[69:57165]#[405:35843]#[554:61922]]);out([[57:25324]#[65:39989]#[599:25421]]);mutual_exclusions([]))
task(id(249);cost(152);duration(118);in([[120:8958]#[135:17103]#[408:51813]#[425:59293]]);out([[43:23324]#[490:69213]#[734:10023]]);mutual_exclusions([]))
task(id(257);cost(114);duration(95);in([[93:22541]#[259:58210]#[471:12250]#[495:41709]#[819:58732]]);out([[466:20275]#[493:9902]#[767:47112]]);mutual_exclusions([]))
task(id(188);cost(190);duration(175);in([[102:22646]#[145:59174]#[700:49300]#[867:69809]]);out([[24:67423]#[527:27155]#[832:50859]]);mutual_exclusions([]))
task(id(30);cost(244);duration(45);in([[357:7200]#[767:30241]]);out([[135:50020]#[301:40800]]);mutual_exclusions([]))
task(id(107);cost(106);duration(114);in([[28:65108]#[29:14548]#[611:27735]#[769:53517]#[868:32207]]);out([[886:56731]]);mutual_exclusions([]))
task(id(36);cost(51);duration(151);in([[395:47619]#[451:50134]#[630:30472]#[686:60757]#[761:36985]]);out([[240:39847]]);mutual_exclusions([]))
task(id(56);cost(86);duration(73);in([[226:40660]#[372:51621]#[552:27195]#[795:42319]#[899:29872]]);out([[572:36223]]);mutual_exclusions([]))
task(id(172);cost(195);duration(132);in([[134:37918]#[223:9937]#[721:36721]]);out([[348:45578]#[461:54920]]);mutual_exclusions([]))
task(id(138);cost(170);duration(173);in([[289:67771]#[327:59531]#[540:28082]#[613:11510]]);out([[666:27744]#[738:45152]]);mutual_exclusions([]))
task(id(40);cost(72);duration(153);in([[106:32219]#[337:38482]#[606:20300]#[637:25725]#[887:15862]]);out([[119:64981]#[827:39900]]);mutual_exclusions([]))
task(id(106);cost(56);duration(175);in([[330:7460]#[406:13838]]);out([[413:28968]#[535:52437]#[650:19633]]);mutual_exclusions([]))
task(id(64);cost(90);duration(86);in([[449:32957]#[454:27250]#[644:26686]#[660:37331]#[678:27125]]);out([[173:30945]#[488:16374]#[555:32059]]);mutual_exclusions([]))
task(id(113);cost(189);duration(84);in([[21:35000]#[329:55424]#[604:35212]]);out([[416:43707]#[448:61608]#[612:15552]]);mutual_exclusions([]))
task(id(25);cost(200);duration(117);in([[95:31929]#[134:30613]#[386:23444]#[808:29783]]);out([[105:18386]#[120:13815]#[499:32939]]);mutual_exclusions([]))
task(id(219);cost(204);duration(45);in([[46:32546]#[348:36043]#[830:42365]]);out([[234:50226]#[515:12070]]);mutual_exclusions([]))
task(id(236);cost(248);duration(133);in([[281:34843]#[340:35285]#[583:64812]#[606:37041]]);out([[855:50016]]);mutual_exclusions([]))
task(id(160);cost(187);duration(147);in([[24:55847]#[315:45877]#[514:58025]]);out([[730:53587]#[880:38247]]);mutual_exclusions([]))
task(id(81);cost(299);duration(58);in([[188:48120]#[254:63537]#[507:60450]#[785:8333]]);out([[119:28942]#[169:36415]#[693:14361]]);mutual_exclusions([]))
task(id(15);cost(138);duration(103);in([[114:22790]#[451:56261]]);out([[169:39785]#[623:62069]#[876:34955]]);mutual_exclusions([]))
task(id(41);cost(56);duration(37);in([[238:66234]#[270:15424]#[277:12300]#[469:62825]#[599:37385]]);out([[24:28388]#[258:40420]#[709:55061]]);mutual_exclusions([]))
task(id(82);cost(176);duration(120);in([[292:64450]#[317:10064]#[640:57983]#[658:52076]]);out([[50:11985]#[561:50474]]);mutual_exclusions([]))
task(id(135);cost(158);duration(121);in([[451:69461]#[767:21916]]);out([[723:52842]#[751:19985]]);mutual_exclusions([]))
task(id(195);cost(251);duration(142);in([[219:44959]#[413:43746]#[678:66450]#[696:56763]]);out([[313:48216]#[609:61152]]);mutual_exclusions([]))
task(id(266);cost(217);duration(156);in([[219:26166]#[666:12084]#[720:66842]#[808:40937]]);out([[230:15743]#[699:11080]#[857:16527]]);mutual_exclusions([]))
task(id(74);cost(180);duration(70);in([[54:44691]#[171:11131]#[242:28462]#[427:52369]#[746:49738]]);out([[90:17489]#[237:61742]]);mutual_exclusions([]))
task(id(155);cost(130);duration(133);in([[126:60203]#[668:21443]]);out([[245:36278]#[293:43183]#[769:58582]]);mutual_exclusions([]))
task(id(232);cost(181);duration(153);in([[115:25513]#[372:14162]#[474:21860]#[689:40388]]);out([[243:48005]#[654:13569]]);mutual_exclusions([]))
task(id(114);cost(218);duration(135);in([[169:10717]#[877:37788]]);out([[237:33209]#[259:35140]]);mutual_exclusions([]))
task(id(151);cost(52);duration(170);in([[19:11063]#[268:58105]#[340:55585]#[734:31217]]);out([[826:7315]]);mutual_exclusions([]))
task(id(216);cost(166);duration(76);in([[468:57362]#[878:53455]]);out([[404:49503]#[407:46883]]);mutual_exclusions([]))
task(id(34);cost(292);duration(46);in([[18:38153]#[344:14291]#[370:23732]#[460:10954]#[901:7894]]);out([[282:52447]#[480:55264]#[606:48490]]);mutual_exclusions([]))
task(id(248);cost(292);duration(115);in([[78:32059]#[269:21841]#[754:27699]]);out([[164:27994]#[188:24590]#[742:26868]]);mutual_exclusions([]))
task(id(47);cost(146);duration(151);in([[227:37497]#[611:50320]]);out([[255:56605]#[434:41791]#[628:20346]]);mutual_exclusions([]))
task(id(165);cost(155);duration(180);in([[187:21874]#[459:29844]#[567:14626]]);out([[438:54774]#[785:43894]]);mutual_exclusions([]))
task(id(176);cost(163);duration(119);in([[94:45897]#[288:61493]#[427:28484]#[549:34392]]);out([[57:38855]#[316:63117]#[773:31604]]);mutual_exclusions([]))
task(id(35);cost(230);duration(166);in([[48:30480]#[519:8880]]);out([[371:63619]#[665:63118]#[892:30788]]);mutual_exclusions([]))
task(id(126);cost(82);duration(35);in([[231:51146]#[414:33948]]);out([[338:26162]#[563:40287]]);mutual_exclusions([]))
task(id(252);cost(133);duration(98);in([[101:30914]#[739:35984]#[788:31984]#[837:62826]#[861:11976]]);out([[583:57092]#[801:67436]]);mutual_exclusions([]))
task(id(265);cost(148);duration(64);in([[136:65150]#[205:15413]#[868:9854]#[872:41393]]);out([[287:20587]#[323:36680]#[818:16027]]);mutual_exclusions([]))
task(id(130);cost(169);duration(38);in([[245:20021]#[452:62020]#[569:59867]]);out([[327:36974]#[616:66589]]);mutual_exclusions([]))
task(id(134);cost(203);duration(32);in([[113:41745]#[388:49421]#[395:46356]#[426:54013]#[587:38743]]);out([[422:45090]]);mutual_exclusions([]))
task(id(185);cost(85);duration(90);in([[204:12678]#[720:7478]#[852:52746]]);out([[45:22130]#[533:32761]#[824:27225]]);mutual_exclusions([]))
task(id(178);cost(141);duration(148);in([[240:46448]#[495:36971]#[784:29959]#[879:51517]#[896:51689]]);out([[689:32630]]);mutual_exclusions([]))
task(id(112);cost(300);duration(103);in([[578:19867]#[683:37456]#[725:22079]]);out([[153:15518]#[240:52560]#[889:33620]]);mutual_exclusions([]))
task(id(222);cost(264);duration(140);in([[362:65635]#[402:15460]]);out([[467:36569]#[515:58303]#[690:57615]]);mutual_exclusions([]))
task(id(108);cost(130);duration(103);in([[388:18764]#[536:44174]#[802:26318]#[807:56327]#[816:23809]]);out([[410:18698]#[431:53609]#[613:47746]]);mutual_exclusions([]))
task(id(20);cost(218);duration(145);in([[6:46520]#[824:65370]]);out([[761:13153]#[836:36940]]);mutual_exclusions([]))
task(id(61);cost(257);duration(82);in([[201:32002]#[246:66154]#[528:59756]#[633:39840]#[839:23549]]);out([[104:40189]]);mutual_exclusions([]))
task(id(76);cost(55);duration(64);in([[110:30280]#[524:38866]#[766:43902]#[840:59430]#[841:35184]]);out([[493:53599]#[496:34358]]);mutual_exclusions([]))
task(id(141);cost(74);duration(168);in([[116:51711]#[467:33923]#[577:30773]]);out([[413:33437]#[843:29995]]);mutual_exclusions([]))
task(id(120);cost(263);duration(124);in([[77:34620]#[173:52273]#[499:29819]]);out([[187:28482]#[809:19415]]);mutual_exclusions([]))
task(id(157);cost(174);duration(60);in([[18:37429]#[110:59010]#[194:32499]#[367:30918]#[542:27132]]);out([[113:30746]#[668:57981]#[752:38585]]);mutual_exclusions([]))
task(id(262);cost(149);duration(43);in([[258:17685]#[780:65934]#[823:16833]]);out([[643:39848]#[671:32309]#[806:18014]]);mutual_exclusions([]))
task(id(150);cost(197);duration(150);in([[44:7498]#[190:54842]#[484:67548]#[735:56717]#[839:22412]]);out([[616:50264]]);mutual_exclusions([]))
task(id(177);cost(88);duration(71);in([[13:30941]#[70:52540]#[141:27132]#[850:30043]]);out([[283:54608]#[534:50989]#[675:68303]]);mutual_exclusions([]))
task(id(54);cost(294);duration(142);in([[571:41523]#[864:36036]]);out([[25:20566]#[564:63707]#[827:18410]]);mutual_exclusions([]))
task(id(164);cost(95);duration(150);in([[234:50261]#[296:46055]#[329:46333]#[421:18817]#[718:9875]]);out([[733:19816]#[776:60679]]);mutual_exclusions([]))
task(id(48);cost(146);duration(39);in([[81:65133]#[374:57946]#[757:66982]#[760:25533]#[872:44359]]);out([[264:9117]#[289:64787]]);mutual_exclusions([]))
task(id(260);cost(295);duration(66);in([[112:41929]#[126:23419]#[194:39298]#[266:37703]#[694:24962]]);out([[558:47821]]);mutual_exclusions([]))
task(id(153);cost(61);duration(30);in([[297:7212]#[606:50602]#[867:58883]]);out([[779:36618]]);mutual_exclusions([]))
task(id(42);cost(254);duration(114);in([[501:17739]#[611:31601]#[676:24014]#[704:21320]#[715:42035]]);out([[356:68380]#[413:27328]]);mutual_exclusions([]))
task(id(101);cost(50);duration(76);in([[39:17744]#[140:68678]#[166:16066]#[466:68205]]);out([[65:33148]#[82:61446]]);mutual_exclusions([]))
task(id(111);cost(100);duration(139);in([[117:69124]#[147:56917]#[268:69263]#[590:18606]]);out([[6:44410]#[488:63043]#[551:56255]]);mutual_exclusions([]))
task(id(144);cost(143);duration(174);in([[146:9979]#[180:9270]#[195:40331]#[480:13720]#[735:19517]]);out([[453:31364]#[492:37850]#[734:46903]]);mutual_exclusions([]))
task(id(50);cost(111);duration(142);in([[225:50284]#[591:37498]#[721:60487]]);out([[130:50343]#[739:30168]#[815:52563]]);mutual_exclusions([]))
task(id(55);cost(214);duration(33);in([[28:14497]#[82:56820]#[245:20148]#[328:39236]#[339:15760]]);out([[57:21566]]);mutual_exclusions([]))
task(id(171);cost(185);duration(42);in([[198:67903]#[500:40903]#[871:33408]#[875:48798]]);out([[753:35013]]);mutual_exclusions([]))
task(id(253);cost(56);duration(43);in([[24:66310]#[48:51987]#[57:14781]#[302:31819]]);out([[74:29050]#[291:56083]#[842:17706]]);mutual_exclusions([]))
task(id(63);cost(245);duration(86);in([[504:54620]#[700:30048]]);out([[561:59778]#[593:53124]#[710:51495]]);mutual_exclusions([]))
task(id(175);cost(286);duration(102);in([[591:47151]#[738:29670]#[819:16674]]);out([[544:48427]]);mutual_exclusions([]))
task(id(65);cost(145);duration(90);in([[60:57243]#[214:31703]#[802:41794]]);out([[44:45018]#[827:18114]]);mutual_exclusions([]))
task(id(133);cost(129);duration(44);in([[153:39081]#[238:64221]#[514:14139]]);out([[50:19666]#[201:24979]#[395:45990]]);mutual_exclusions([]))
task(id(4);cost(136);duration(144);in([[7:7272]#[145:36112]#[342:55193]#[432:58579]#[472:42121]]);out([[77:41952]#[364:67464]#[891:41404]]);mutual_exclusions([]))
task(id(263);cost(144);duration(51);in([[79:59862]#[183:64989]#[254:47826]#[298:25771]#[424:57679]]);out([[380:56668]]);mutual_exclusions([]))
task(id(3);cost(117);duration(129);in([[239:41314]#[399:23506]#[467:29332]#[481:22118]#[630:7563]]);out([[66:8777]]);mutual_exclusions([]))
task(id(158);cost(53);duration(45);in([[486:10608]#[622:31482]#[664:51080]]);out([[192:54097]#[555:61796]#[833:37367]]);mutual_exclusions([]))
task(id(83);cost(78);duration(107);in([[28:41917]#[258:13094]#[277:58642]#[381:44911]#[451:44526]]);out([[244:8512]]);mutual_exclusions([]))
task(id(258);cost(205);duration(128);in([[586:40862]#[716:35558]]);out([[186:62513]]);mutual_exclusions([]))
task(id(229);cost(156);duration(78);in([[40:40247]#[251:10034]#[350:18922]]);out([[469:41356]]);mutual_exclusions([]))
task(id(116);cost(247);duration(173);in([[57:17117]#[169:59050]#[488:59338]#[734:49124]]);out([[638:20542]#[850:62319]#[855:47132]]);mutual_exclusions([]))
task(id(198);cost(248);duration(145);in([[477:66711]#[696:10522]#[753:26997]]);out([[318:53107]#[807:10547]#[838:39860]]);mutual_exclusions([]))
task(id(117);cost(77);duration(74);in([[269:36333]#[476:69032]#[750:36195]]);out([[776:13289]#[824:38706]]);mutual_exclusions([]))
task(id(181);cost(190);duration(107);in([[311:20230]#[603:29351]]);out([[554:48000]#[880:21148]]);mutual_exclusions([]))
task(id(39);cost(110);duration(100);in([[423:64987]#[573:55711]#[628:57965]#[803:12823]]);out([[91:42812]#[760:32324]]);mutual_exclusions([]))
task(id(104);cost(256);duration(101);in([[244:68547]#[426:48421]#[605:32377]#[681:68298]]);out([[152:55956]#[483:68367]#[773:57533]]);mutual_exclusions([]))
task(id(161);cost(268);duration(102);in([[529:24312]#[639:59998]]);out([[410:16713]#[419:67678]]);mutual_exclusions([]))
task(id(99);cost(214);duration(102);in([[7:15727]#[79:11682]#[216:37479]#[421:20703]]);out([[689:28566]#[833:47100]#[882:46287]]);mutual_exclusions([]))
task(id(246);cost(277);duration(100);in([[35:36483]#[490:63688]#[572:20473]#[874:68698]]);out([[211:25948]#[634:38906]#[807:40615]]);mutual_exclusions([]))
task(id(220);cost(284);duration(56);in([[18:60259]#[554:27471]#[628:9678]#[849:57063]]);out([[87:9488]#[808:60924]#[869:20622]]);mutual_exclusions([]))
task(id(77);cost(47);duration(93);in([[184:20667]#[380:17525]]);out([[52:29028]#[584:10782]]);mutual_exclusions([]))
task(id(125);cost(125);duration(166);in([[49:10317]#[132:29873]#[208:45066]#[391:34109]#[631:64113]]);out([[619:68439]#[787:33070]]);mutual_exclusions([]))
task(id(186);cost(171);duration(131);in([[264:7649]#[382:60621]#[528:41769]#[703:23294]]);out([[85:28168]#[170:28257]#[256:26139]]);mutual_exclusions([]))
task(id(148);cost(114);duration(133);in([[214:58686]#[368:15434]#[408:23065]#[455:25977]]);out([[278:42617]]);mutual_exclusions([]))
task(id(250);cost(282);duration(96);in([[64:42758]#[148:67065]#[281:18255]#[366:32848]#[839:17491]]);out([[318:49206]]);mutual_exclusions([]))
task(id(58);cost(290);duration(167);in([[107:45535]#[733:62163]#[796:8284]]);out([[312:7314]#[644:65869]]);mutual_exclusions([]))
task(id(162);cost(195);duration(158);in([[85:32693]#[107:18673]#[232:36211]#[500:16558]]);out([[463:32696]#[613:28028]#[779:31979]]);mutual_exclusions([]))
task(id(31);cost(232);duration(130);in([[373:18245]#[456:67543]#[546:16685]]);out([[394:33035]]);mutual_exclusions([]))
task(id(269);cost(58);duration(134);in([[537:67062]#[747:45594]]);out([[468:28824]#[861:18878]]);mutual_exclusions([]))
task(id(267);cost(94);duration(77);in([[22:65087]#[69:59746]#[476:60133]#[666:15229]#[897:16653]]);out([[9:61103]#[283:15251]]);mutual_exclusions([]))
task(id(189);cost(104);duration(99);in([[172:19437]#[691:67212]]);out([[245:12869]#[772:42726]]);mutual_exclusions([]))
task(id(7);cost(256);duration(97);in([[463:55862]#[624:21534]#[890:13938]]);out([[280:17504]#[846:50138]]);mutual_exclusions([]))
task(id(96);cost(202);duration(98);in([[156:14818]#[243:17431]#[360:53734]#[673:10697]#[726:39521]]);out([[373:56592]#[734:43706]]);mutual_exclusions([]))
task(id(92);cost(187);duration(40);in([[62:14599]#[368:49153]]);out([[129:31297]#[630:40347]#[661:62415]]);mutual_exclusions([]))
task(id(200);cost(103);duration(74);in([[112:40493]#[115:40692]#[789:36541]]);out([[793:21057]#[821:38379]]);mutual_exclusions([]))
task(id(173);cost(227);duration(131);in([[122:12076]#[708:45619]#[873:61453]]);out([[411:32496]#[796:39485]]);mutual_exclusions([]))
task(id(67);cost(183);duration(89);in([[73:48249]#[281:10631]#[553:32147]#[686:10520]]);out([[782:20216]]);mutual_exclusions([]))
task(id(191);cost(193);duration(111);in([[500:41168]#[868:69990]]);out([[295:26680]#[532:19799]#[642:37050]]);mutual_exclusions([]))
task(id(123);cost(165);duration(106);in([[97:25648]#[587:27246]]);out([[859:28799]]);mutual_exclusions([]))
task(id(60);cost(289);duration(153);in([[470:58381]#[473:39186]#[722:14770]#[740:31835]#[900:29884]]);out([[109:53940]#[345:20434]#[615:7221]]);mutual_exclusions([]))
task(id(237);cost(266);duration(98);in([[308:66920]#[367:48997]#[505:41314]]);out([[651:30663]]);mutual_exclusions([]))
task(id(205);cost(105);duration(39);in([[32:61342]#[446:21139]]);out([[540:8629]]);mutual_exclusions([]))
task(id(12);cost(48);duration(59);in([[260:39287]#[293:7888]#[456:35342]]);out([[557:55385]#[558:25785]#[787:9939]]);mutual_exclusions([]))
task(id(38);cost(78);duration(56);in([[317:69419]#[493:62780]#[576:41543]#[881:51752]]);out([[597:24563]#[675:22135]]);mutual_exclusions([]))
task(id(190);cost(133);duration(70);in([[310:66461]#[360:31754]#[449:43872]#[584:21234]#[614:27872]]);out([[40:60315]#[738:61318]#[786:13210]]);mutual_exclusions([]))
task(id(208);cost(125);duration(159);in([[28:64551]#[43:47655]#[658:17371]]);out([[70:68258]#[410:28968]#[889:44875]]);mutual_exclusions([]))
task(id(119);cost(136);duration(146);in([[54:13601]#[357:65357]#[385:45402]#[512:30286]#[718:49472]]);out([[118:37443]#[246:27748]#[369:65373]]);mutual_exclusions([]))
task(id(71);cost(73);duration(32);in([[55:40721]#[500:64118]]);out([[721:37782]]);mutual_exclusions([]))
task(id(167);cost(244);duration(103);in([[148:42716]#[237:32862]#[347:21973]#[503:65644]]);out([[711:14192]#[719:30930]]);mutual_exclusions([]))
task(id(169);cost(264);duration(95);in([[139:26128]#[166:39106]#[377:65454]#[703:45559]#[866:54930]]);out([[31:28821]#[387:36933]#[658:56884]]);mutual_exclusions([]))
task(id(27);cost(140);duration(139);in([[5:48605]#[447:13293]#[715:11206]#[775:14747]]);out([[467:33925]]);mutual_exclusions([]))
task(id(53);cost(80);duration(139);in([[300:47286]#[362:7226]]);out([[379:29993]#[662:37779]#[790:16186]]);mutual_exclusions([]))
task(id(68);cost(78);duration(42);in([[154:54494]#[332:38498]#[424:45288]#[537:19659]#[825:56229]]);out([[435:45477]#[459:42139]#[506:61631]]);mutual_exclusions([]))
task(id(14);cost(165);duration(79);in([[92:35986]#[162:34560]#[561:42014]#[837:7685]]);out([[169:14461]#[434:29643]]);mutual_exclusions([]))
task(id(29);cost(148);duration(47);in([[384:8948]#[544:15564]#[775:20679]]);out([[408:9344]]);mutual_exclusions([]))
task(id(103);cost(131);duration(152);in([[632:37513]#[889:48165]]);out([[167:56560]#[688:36380]#[897:54633]]);mutual_exclusions([]))
task(id(180);cost(292);duration(128);in([[14:26817]#[282:57293]#[343:29922]#[850:26283]]);out([[52:39815]#[241:36890]#[378:63207]]);mutual_exclusions([]))
task(id(254);cost(157);duration(133);in([[154:51274]#[351:38412]#[813:31638]]);out([[78:39785]#[353:49966]#[403:46940]]);mutual_exclusions([]))
task(id(21);cost(159);duration(154);in([[212:16912]#[760:62710]#[782:50021]#[803:65706]#[806:67958]]);out([[828:58753]]);mutual_exclusions([]))
task(id(251);cost(183);duration(38);in([[71:43045]#[285:37362]#[438:66838]#[700:31331]#[796:67781]]);out([[393:69491]#[554:63337]#[591:19347]]);mutual_exclusions([]))
task(id(122);cost(117);duration(160);in([[199:61568]#[287:53919]#[421:55544]]);out([[30:37348]#[654:59721]#[732:64121]]);mutual_exclusions([]))
task(id(105);cost(96);duration(123);in([[314:21962]#[467:22865]#[596:60892]#[626:68319]#[837:39442]]);out([[727:29543]#[821:40057]]);mutual_exclusions([]))
task(id(24);cost(181);duration(148);in([[369:22972]#[690:45588]#[781:23185]#[791:24024]#[870:62101]]);out([[559:48469]]);mutual_exclusions([]))
task(id(66);cost(89);duration(97);in([[29:53603]#[121:65565]#[243:60285]#[766:20115]]);out([[189:25759]#[253:52728]#[879:31047]]);mutual_exclusions([]))
task(id(22);cost(91);duration(171);in([[110:7407]#[584:62377]#[589:14595]#[772:56754]]);out([[861:38677]]);mutual_exclusions([]))
task(id(8);cost(169);duration(169);in([[175:55595]#[475:8004]#[666:62177]#[700:10084]]);out([[372:27430]]);mutual_exclusions([]))
task(id(129);cost(180);duration(97);in([[72:20185]#[446:39573]]);out([[571:57660]]);mutual_exclusions([]))
task(id(102);cost(118);duration(150);in([[224:60480]#[439:30662]#[627:65890]#[693:59940]#[872:42219]]);out([[588:49549]#[635:59537]#[643:20108]]);mutual_exclusions([]))
task(id(204);cost(239);duration(154);in([[211:65431]#[242:43111]#[633:60306]#[860:18959]#[876:43920]]);out([[69:61380]#[277:38820]#[870:26377]]);mutual_exclusions([]))
task(id(72);cost(283);duration(65);in([[31:15448]#[219:22840]#[538:60558]#[599:38336]#[887:12958]]);out([[610:65938]]);mutual_exclusions([]))
task(id(182);cost(205);duration(131);in([[259:57460]#[357:46226]#[595:23957]]);out([[167:64012]]);mutual_exclusions([]))
task(id(46);cost(191);duration(132);in([[399:26995]#[471:27965]#[508:9120]]);out([[843:25639]]);mutual_exclusions([]))
task(id(168);cost(68);duration(30);in([[299:27330]#[398:40424]#[688:22986]]);out([[63:18167]#[268:40202]#[747:42732]]);mutual_exclusions([]))
task(id(43);cost(192);duration(142);in([[28:19050]#[187:55537]#[339:30293]#[469:69517]#[608:9930]]);out([[12:12101]#[484:55349]]);mutual_exclusions([]))
task(id(137);cost(115);duration(58);in([[178:24824]#[423:54127]]);out([[657:13072]]);mutual_exclusions([]))
task(id(214);cost(72);duration(72);in([[210:25473]#[254:22128]#[269:62854]#[364:9462]#[510:22363]]);out([[386:7656]#[886:33248]]);mutual_exclusions([]))
task(id(247);cost(114);duration(160);in([[435:33420]#[502:54177]]);out([[417:45205]#[700:23798]#[853:42033]]);mutual_exclusions([]))
task(id(52);cost(295);duration(164);in([[179:15798]#[446:60409]#[641:53706]#[677:49792]#[819:53019]]);out([[23:37879]#[567:49758]]);mutual_exclusions([]))
task(id(11);cost(193);duration(138);in([[118:32550]#[206:62436]#[551:46139]#[614:66791]#[663:54095]]);out([[92:28583]#[175:19446]#[528:36645]]);mutual_exclusions([]))
task(id(89);cost(259);duration(169);in([[235:14776]#[312:19726]#[466:22386]#[495:57186]]);out([[316:20857]#[389:50687]#[739:28661]]);mutual_exclusions([]))
task(id(45);cost(261);duration(172);in([[479:15967]#[734:55275]]);out([[250:41490]]);mutual_exclusions([]))
task(id(26);cost(227);duration(100);in([[526:58138]#[683:62403]#[700:60350]#[740:16160]#[745:46381]]);out([[463:43094]#[464:21371]#[492:21295]]);mutual_exclusions([]))
task(id(210);cost(197);duration(170);in([[49:20094]#[84:21289]#[334:60027]#[354:13597]#[695:47037]]);out([[734:21649]]);mutual_exclusions([]))
task(id(241);cost(279);duration(175);in([[180:53758]#[474:22296]#[477:43523]#[720:19361]#[819:26470]]);out([[25:16719]#[632:45410]]);mutual_exclusions([]))
task(id(264);cost(290);duration(77);in([[165:44496]#[180:55901]#[245:40968]#[626:29488]]);out([[141:59372]#[259:32878]]);mutual_exclusions([]))
task(id(261);cost(45);duration(101);in([[67:64886]#[232:60513]#[372:9956]#[494:33227]]);out([[702:54921]]);mutual_exclusions([]))
task(id(149);cost(57);duration(140);in([[105:61590]#[297:30655]]);out([[179:27513]#[642:12773]]);mutual_exclusions([]))
task(id(239);cost(121);duration(81);in([[166:26893]#[239:11634]#[615:29464]#[651:68538]#[727:51644]]);out([[192:62488]#[327:16388]#[474:10397]]);mutual_exclusions([]))
task(id(194);cost(285);duration(132);in([[236:10698]#[363:7270]#[760:65150]#[779:66843]]);out([[237:41592]#[674:18937]]);mutual_exclusions([]))
task(id(51);cost(162);duration(177);in([[102:8013]#[331:26224]#[891:26734]]);out([[626:16797]#[697:39929]]);mutual_exclusions([]))
task(id(213);cost(235);duration(136);in([[256:41918]#[412:21734]#[754:55768]]);out([[308:14680]#[355:18574]#[763:38720]]);mutual_exclusions([]))
task(id(9);cost(137);duration(51);in([[41:56439]#[598:40915]]);out([[834:10447]]);mutual_exclusions([]))
task(id(70);cost(76);duration(147);in([[106:43629]#[715:49341]#[733:27112]#[776:45879]]);out([[93:10237]#[588:7633]#[650:32106]]);mutual_exclusions([]))
task(id(131);cost(211);duration(86);in([[409:27847]#[436:18060]#[711:45586]#[863:65431]]);out([[368:10042]#[689:31743]]);mutual_exclusions([]))
task(id(221);cost(102);duration(38);in([[13:47348]#[491:66504]#[761:64644]#[882:44991]]);out([[737:22219]]);mutual_exclusions([]))
task(id(139);cost(95);duration(83);in([[275:30284]#[784:24576]]);out([[782:53230]]);mutual_exclusions([]))
task(id(218);cost(107);duration(115);in([[176:9183]#[238:29305]#[749:65521]]);out([[437:67776]]);mutual_exclusions([]))
task(id(197);cost(127);duration(137);in([[108:22912]#[162:55093]#[448:68466]]);out([[559:30398]]);mutual_exclusions([]))
task(id(110);cost(291);duration(77);in([[145:20281]#[350:40917]#[786:34949]]);out([[830:46222]#[898:21468]]);mutual_exclusions([]))
task(id(84);cost(242);duration(174);in([[191:32486]#[599:31559]#[677:17979]#[712:11283]]);out([[427:41026]#[475:18773]#[782:44658]]);mutual_exclusions([]))
task(id(206);cost(226);duration(78);in([[46:30856]#[377:62821]#[865:51635]#[882:46414]]);out([[751:41846]]);mutual_exclusions([]))
task(id(192);cost(300);duration(114);in([[154:25438]#[613:67396]#[665:13665]#[809:15657]]);out([[810:10796]]);mutual_exclusions([]))
task(id(146);cost(62);duration(40);in([[61:13365]#[311:57743]#[376:50797]#[705:34711]]);out([[365:48768]#[576:15068]]);mutual_exclusions([]))

****Solution****
Process:
"[215,223,233,225,115,88,256,166,255,242,69,95,132,268,73,230,240,16,217,184,183,23,207,196,17,2,226,199,201,1,100,98,97,109,203,94,127,59,245,118,238,91,32,90,78,212,62,145,124,179,10,234,57,154,174,142,243,136,79,86,18,28,93,227,85,80,187,121,49,143]"
Conectivity:
"[(121,49),(49,-2),(121,143),(143,-2),(-1,215),(-1,223),(215,223),(-1,233),(223,233),(233,225),(225,115),(115,88),(215,88),(215,256),(88,256),(233,256),(115,166),(256,166),(166,255),(256,255),(233,255),(225,242),(233,242),(255,242),(242,69),(223,69),(-1,95),(166,95),(256,95),(115,95),(69,95),(95,132),(88,132),(69,132),(242,132),(233,268),(132,268),(215,268),(255,73),(215,73),(88,73),(132,73),(268,73),(255,230),(233,230),(73,230),(95,240),(230,240),(215,240),(166,240),(225,240),(268,240),(73,16),(95,16),(230,16),(115,16),(240,16),(242,217),(256,217),(16,217),(223,217),(115,217),(217,184),(230,184),(69,184),(233,184),(223,184),(73,184),(268,183),(256,183),(255,183),(69,183),(240,183),(184,183),(115,183),(230,23),(183,23),(115,23),(95,23),(255,23),(69,207),(230,207),(88,207),(217,207),(225,207),(132,207),(23,207),(207,196),(73,196),(183,196),(166,196),(69,196),(215,196),(255,196),(240,196),(16,196),(115,196),(217,17),(207,17),(230,17),(69,17),(196,17),(16,17),(215,17),(132,17),(17,2),(132,2),(240,2),(166,2),(207,2),(23,226),(184,226),(215,226),(16,226),(17,226),(2,226),(226,199),(233,199),(207,199),(69,199),(225,199),(215,199),(255,199),(184,199),(223,199),(23,199),(115,199),(230,201),(226,201),(17,201),(132,201),(207,201),(88,201),(184,201),(166,201),(242,201),(199,201),(207,1),(183,1),(95,1),(199,1),(201,1),(268,100),(230,100),(183,100),(16,100),(115,100),(225,100),(95,100),(217,100),(1,100),(256,100),(240,100),(184,100),(196,98),(17,98),(100,98),(233,98),(88,98),(256,98),(23,98),(240,98),(2,97),(98,97),(23,97),(132,97),(225,97),(223,97),(256,97),(183,97),(233,97),(223,109),(97,109),(256,109),(226,109),(95,109),(100,109),(1,109),(166,109),(215,109),(207,109),(17,109),(109,203),(132,203),(199,203),(69,203),(242,203),(88,203),(233,203),(217,203),(256,203),(100,203),(268,203),(240,94),(166,94),(217,94),(225,94),(223,94),(203,94),(255,94),(199,94),(17,127),(183,127),(69,127),(2,127),(97,127),(225,127),(88,127),(94,127),(256,127),(199,127),(184,59),(225,59),(127,59),(203,59),(233,59),(94,59),(109,59),(226,245),(98,245),(1,245),(59,245),(94,245),(132,245),(2,245),(23,245),(1,118),(95,118),(98,118),(127,118),(256,118),(223,118),(245,118),(201,118),(230,238),(98,238),(217,238),(256,238),(118,238),(73,238),(245,238),(196,238),(255,238),(69,238),(225,238),(127,238),(238,91),(207,91),(217,91),(88,91),(215,91),(223,91),(73,91),(199,91),(109,32),(215,32),(256,32),(132,32),(255,32),(16,32),(69,32),(196,32),(91,32),(127,32),(240,32),(207,32),(233,32),(115,32),(166,90),(268,90),(17,90),(1,90),(97,90),(184,90),(217,90),(100,90),(196,90),(183,90),(118,90),(88,90),(226,90),(132,90),(215,90),(73,90),(16,90),(32,90),(90,78),(166,78),(183,78),(95,78),(100,78),(215,78),(94,78),(23,78),(240,78),(16,78),(184,78),(73,212),(59,212),(16,212),(196,212),(100,212),(109,212),(78,212),(201,212),(240,212),(203,212),(183,212),(268,212),(212,62),(230,62),(256,62),(238,62),(255,62),(217,62),(59,62),(199,62),(215,62),(225,62),(109,62),(118,62),(91,62),(245,62),(201,62),(183,62),(62,145),(238,145),(73,145),(90,145),(88,145),(240,145),(183,145),(184,145),(230,145),(97,145),(109,124),(73,124),(145,124),(132,124),(196,124),(100,124),(242,124),(238,124),(183,124),(23,124),(184,124),(268,179),(109,179),(226,179),(207,179),(256,179),(118,179),(245,179),(199,179),(240,179),(132,179),(215,179),(78,179),(166,179),(124,179),(97,179),(268,10),(226,10),(242,10),(217,10),(230,10),(97,10),(90,10),(255,10),(179,10),(199,10),(203,10),(184,10),(16,10),(95,10),(215,10),(32,10),(127,10),(10,234),(203,234),(1,234),(196,234),(199,234),(90,234),(225,234),(183,234),(109,234),(256,234),(215,234),(73,234),(240,234),(226,234),(242,57),(226,57),(234,57),(73,57),(255,57),(240,57),(69,57),(59,57),(88,57),(91,57),(207,57),(184,57),(118,57),(10,57),(226,154),(233,154),(207,154),(17,154),(57,154),(97,154),(215,154),(201,154),(127,154),(132,154),(203,154),(255,154),(73,154),(100,154),(166,174),(124,174),(268,174),(78,174),(234,174),(256,174),(98,174),(196,174),(23,174),(240,174),(95,174),(199,174),(154,174),(145,174),(225,174),(203,174),(94,174),(16,174),(223,174),(154,174),(238,142),(242,142),(2,142),(233,142),(73,142),(223,142),(174,142),(217,142),(90,142),(59,142),(145,142),(91,142),(212,142),(226,142),(100,142),(184,142),(109,142),(32,243),(142,243),(201,243),(225,243),(245,243),(223,243),(142,243),(10,243),(94,243),(196,136),(174,136),(243,136),(91,136),(242,136),(97,136),(118,136),(16,136),(233,136),(256,136),(100,136),(203,136),(59,136),(179,136),(124,136),(98,79),(217,79),(136,79),(1,79),(166,79),(118,79),(94,79),(245,79),(226,79),(95,79),(223,79),(136,79),(240,79),(2,79),(268,79),(17,79),(166,86),(62,86),(230,86),(174,86),(207,86),(196,86),(90,86),(88,86),(69,86),(225,86),(79,86),(79,86),(217,86),(1,86),(94,86),(79,86),(59,86),(2,86),(124,86),(86,18),(17,18),(86,18),(32,18),(184,18),(97,18),(242,18),(86,18),(199,18),(100,18),(16,18),(118,18),(62,18),(62,28),(268,28),(142,28),(245,28),(207,28),(132,28),(90,28),(199,28),(18,28),(145,28),(95,28),(16,28),(142,28),(69,28),(124,28),(166,28),(10,28),(179,28),(18,28),(234,28),(142,93),(145,93),(154,93),(98,93),(91,93),(142,93),(73,93),(28,93),(28,93),(115,93),(124,93),(109,93),(238,93),(127,93),(183,93),(28,93),(2,93),(78,93),(57,93),(18,93),(118,93),(18,93),(98,227),(255,227),(217,227),(88,227),(212,227),(225,227),(268,227),(18,227),(18,227),(174,227),(226,227),(93,227),(207,227),(93,227),(145,227),(227,85),(230,85),(227,85),(217,85),(243,85),(207,85),(174,85),(227,85),(179,85),(225,85),(240,85),(174,85),(203,85),(16,85),(184,85),(62,85),(32,85),(2,85),(86,80),(212,80),(62,80),(243,80),(226,80),(10,80),(85,80),(196,80),(59,80),(255,80),(86,80),(166,80),(69,80),(85,80),(85,80),(86,80),(16,80),(127,80),(183,80),(78,80),(85,80),(-1,80),(136,187),(166,187),(23,187),(28,187),(238,187),(80,187),(132,187),(255,187),(90,187),(201,187),(240,187),(69,187),(57,187),(217,187),(1,187),(28,187),(80,187),(16,187),(28,187),(80,187),(10,187),(80,187),(245,187),(80,187),(115,187),(57,121),(32,121),(62,121),(212,121),(268,121),(78,121),(91,121),(187,121),(225,121),(136,121),(184,121),(166,121),(136,121),(187,121),(187,121),(243,121),(187,121),(233,121),(127,121),(215,121),(187,121),(59,121),(255,121),(57,121),(95,49),(124,49),(238,49),(201,49),(154,49),(-1,49),(268,49),(136,49),(215,49),(59,49),(121,49),(179,49),(121,49),(154,49),(183,49),(78,49),(212,49),(227,143),(121,143),(227,143),(226,143),(121,143),(93,143),(234,143),(32,143),(79,143),(79,143),(132,143),(227,143),(234,143),(212,143),(115,143),(91,143),(118,143),(256,143),(223,143),(242,143),(73,143),(199,143),(23,143),(93,143)]"
Cost: 3999
Duration: 2296
Evaluation: 6295
